   1	   2	   0.1330606
   1	   3	   0.2245982
   1	   4	   0.3701410
   1	   5	   0.4687065
   1	   6	   0.3600337
   1	   7	   0.2305211
   1	   8	   0.3594562
   1	   9	   0.3752242
   1	  10	   0.2035760
   1	  11	   0.2787388
   1	  12	   0.2979232
   1	  13	   0.1727835
   1	  14	   0.2581626
   1	  15	   0.4317370
   1	  16	   0.2841361
   1	  17	   0.3410487
   1	  18	   0.3313317
   1	  19	   0.4577944
   1	  20	   0.4394728
   1	  21	   0.2130939
   1	  22	   0.3126995
   1	  23	   0.2722011
   1	  24	   0.2689843
   1	  25	   0.1448996
   1	  26	   0.2170329
   1	  27	   0.1842492
   1	  28	   0.3710743
   1	  29	   0.1982024
   1	  30	   0.4024872
   1	  31	   0.4591244
   1	  32	   0.1222616
   1	  34	   0.1848445
   1	  35	   0.3458271
   1	  36	   0.3116780
   1	  37	   0.3482194
   1	  39	   0.1913311
   1	  40	   0.1845566
   1	  41	   0.4675299
   1	  42	   0.4768920
   1	  44	   0.3947199
   1	  47	   0.4619470
   1	  48	   0.4848812
   1	  49	   0.4088006
   1	  50	   0.3340172
   1	  52	   0.2776792
   1	  53	   0.3220135
   1	  54	   0.3748240
   1	  56	   0.1432870
   1	  57	   0.2250340
   1	  58	   0.2543380
   1	  59	   0.2237393
   1	  61	   0.1244105
   1	  63	   0.4978023
   1	  66	   0.1962600
   1	  67	   0.4401050
   1	  69	   0.4438608
   1	  71	   0.3881206
   1	  72	   0.2464419
   1	  74	   0.1016116
   1	  76	   0.4567937
   1	  77	   0.3922261
   1	  79	   0.4918273
   1	  80	   0.3034903
   1	  81	   0.1208842
   1	  82	   0.4342017
   1	  84	   0.3948616
   1	  85	   0.2545869
   1	  87	   0.3584693
   1	  88	   0.2749465
   1	  90	   0.4047121
   1	  91	   0.2156951
   1	  92	   0.3075675
   1	  97	   0.1310297
   1	  98	   0.1202699
   1	 100	   0.1759239
   1	 104	   0.4279612
   1	 109	   0.1986485
   1	 111	   0.3614196
   1	 113	   0.2902747
   1	 114	   0.2810178
   1	 115	   0.1626380
   1	 123	   0.1812850
   1	 124	   0.2040431
   1	 125	   0.2017954
   1	 126	   0.3342467
   1	 128	   0.1678262
   1	 131	   0.3957367
   1	 134	   0.4315415
   1	 135	   0.4432809
   1	 139	   0.4932944
   1	 145	   0.4069218
   1	 146	   0.3746734
   1	 147	   0.4832629
   1	 148	   0.1068597
   1	 149	   0.3551517
   1	 154	   0.3292476
   1	 158	   0.2454123
   1	 159	   0.4677187
   1	 163	   0.1116703
   1	 170	   0.4927579
   1	 177	   0.2982955
   1	 178	   0.1710661
   1	 180	   0.1388643
   1	 185	   0.4003486
   1	 187	   0.2634995
   1	 189	   0.1312465
   1	 197	   0.2761789
   1	 205	   0.4787254
   1	 209	   0.2419559
   1	 210	   0.2837672
   1	 212	   0.4010630
   1	 216	   0.2403720
   1	 219	   0.1681474
   1	 225	   0.1561809
   1	 229	   0.2816003
   1	 230	   0.4066819
   1	 231	   0.1381801
   1	 233	   0.3558548
   1	 234	   0.2813725
   1	 236	   0.2769281
   1	 237	   0.2324868
   1	 238	   0.2332888
   1	 243	   0.3083989
   1	 246	   0.2371217
   1	 253	   0.1834575
   1	 255	   0.4769886
   1	 258	   0.1311969
   1	 261	   0.4813247
   1	 265	   0.3467000
   1	 274	   0.2026620
   1	 276	   0.3814956
   1	 277	   0.2499079
   1	 281	   0.4799555
   1	 288	   0.3934377
   1	 289	   0.1720196
   1	 291	   0.4472305
   1	 296	   0.1008086
   1	 303	   0.4567391
   1	 306	   0.1596265
   1	 307	   0.3022592
   1	 316	   0.2163628
   1	 317	   0.4036278
   1	 322	   0.2491365
   1	 324	   0.4390912
   1	 331	   0.3766971
   1	 332	   0.2236863
   1	 339	   0.4990223
   1	 342	   0.2231992
   1	 346	   0.4071690
   1	 351	   0.1211607
   1	 352	   0.4272775
   1	 362	   0.2664545
   1	 368	   0.1915429
   1	 371	   0.4211404
   1	 372	   0.4541448
   1	 373	   0.3129373
   1	 375	   0.2263110
   1	 381	   0.1478970
   1	 385	   0.2584240
   1	 391	   0.2044099
   1	 396	   0.1600953
   1	 401	   0.3230818
   1	 404	   0.2252180
   1	 406	   0.2003961
   1	 411	   0.2546696
   1	 412	   0.2092382
   1	 414	   0.1267598
   1	 417	   0.1842604
   1	 420	   0.1351062
   1	 421	   0.3159544
   1	 423	   0.3423165
   1	 431	   0.3757357
   1	 432	   0.3237587
   1	 433	   0.4736247
   1	 449	   0.2113055
   1	 450	   0.1481106
   1	 453	   0.2739785
   1	 457	   0.1281565
   1	 480	   0.1199756
   1	 485	   0.1741734
   1	 488	   0.4221162
   1	 491	   0.2296433
   1	 492	   0.4165167
   1	 507	   0.3535655
   1	 509	   0.4015585
   1	 511	   0.1203323
   1	 521	   0.1284936
   1	 525	   0.3858740
   1	 527	   0.2088029
   1	 537	   0.2401521
   1	 539	   0.4889360
   1	 542	   0.1723349
   1	 548	   0.4177541
   1	 549	   0.1165385
   1	 556	   0.2543283
   1	 558	   0.3376395
   1	 561	   0.1923854
   1	 566	   0.2190266
   1	 571	   0.1309745
   1	 583	   0.2594803
   1	 585	   0.2595344
   1	 591	   0.3546630
   1	 604	   0.4716001
   1	 605	   0.3124008
   1	 613	   0.2567820
   1	 614	   0.2848244
   1	 625	   0.1958863
   1	 631	   0.1114387
   1	 633	   0.3826982
   1	 641	   0.2726239
   1	 642	   0.4766387
   1	 646	   0.2477797
   1	 659	   0.1584308
   1	 662	   0.3317469
   1	 671	   0.2623024
   1	 672	   0.3700121
   1	 673	   0.3314877
   1	 681	   0.2315719
   1	 682	   0.1949686
   1	 697	   0.4235501
   1	 703	   0.3436232
   1	 714	   0.2659170
   1	 715	   0.2323187
   1	 724	   0.3789470
   1	 734	   0.2595290
   1	 736	   0.4539847
   1	 742	   0.4145387
   1	 743	   0.3752269
   1	 750	   0.1100688
   1	 757	   0.1935943
   1	 760	   0.3265333
   1	 761	   0.4798906
   1	 766	   0.4559079
   1	 769	   0.2949061
   1	 774	   0.4444259
   1	 783	   0.1484437
   1	 786	   0.4443341
   1	 788	   0.1094729
   1	 794	   0.3169401
   1	 825	   0.3117524
   1	 832	   0.4237505
   1	 834	   0.4933823
   1	 840	   0.1403582
   1	 841	   0.1363825
   1	 842	   0.4606647
   1	 853	   0.2997660
   1	 865	   0.4158356
   1	 872	   0.3507224
   1	 884	   0.1155786
   1	 888	   0.4420441
   1	 889	   0.1893160
   1	 898	   0.2913192
   1	 900	   0.1146019
   1	 906	   0.1161464
   1	 911	   0.4274703
   1	 912	   0.2919905
   1	 937	   0.2267102
   1	 945	   0.4829071
   1	 958	   0.3681135
   1	 972	   0.2047966
   1	 980	   0.3859349
   1	 981	   0.4838121
   1	 982	   0.2498954
   1	 988	   0.4833930
   1	 992	   0.4781578
   1	1009	   0.1881602
   1	1027	   0.1993713
   1	1029	   0.1564808
   1	1041	   0.4766386
   1	1052	   0.1349686
   1	1057	   0.2662217
   1	1058	   0.3225489
   1	1065	   0.1920640
   1	1071	   0.3109525
   1	1087	   0.1570795
   1	1094	   0.4877015
   1	1107	   0.2125514
   1	1112	   0.1379718
   1	1116	   0.2970137
   1	1136	   0.1504585
   1	1151	   0.1117390
   1	1154	   0.4725223
   1	1158	   0.1858634
   1	1160	   0.3816597
   1	1171	   0.3401675
   1	1175	   0.3546917
   1	1176	   0.1614277
   1	1209	   0.4280486
   1	1223	   0.4366086
   1	1226	   0.2400585
   1	1255	   0.2804040
   1	1262	   0.2387980
   1	1263	   0.4082623
   1	1265	   0.1703966
   1	1266	   0.2594555
   1	1273	   0.1380791
   1	1281	   0.2377790
   1	1282	   0.1547747
   1	1294	   0.2619956
   1	1306	   0.3746893
   1	1309	   0.2218314
   1	1312	   0.1143253
   1	1314	   0.2671760
   1	1324	   0.1498562
   1	1334	   0.2261840
   1	1374	   0.1676225
   1	1375	   0.3318212
   1	1380	   0.4316846
   1	1388	   0.4823976
   1	1395	   0.2722149
   1	1397	   0.1253101
   1	1403	   0.3306561
   1	1406	   0.4930098
   1	1410	   0.1607697
   1	1413	   0.4745952
   1	1446	   0.4640385
   1	1447	   0.3019942
   1	1457	   0.4767781
   1	1459	   0.2662115
   1	1460	   0.3909648
   1	1481	   0.2472354
   1	1495	   0.4045734
   1	1532	   0.2638465
   1	1541	   0.2957735
   1	1549	   0.4239729
   1	1551	   0.3398996
   1	1554	   0.4055978
   1	1579	   0.1914760
   1	1587	   0.2379381
   1	1603	   0.3219544
   1	1608	   0.4965423
   1	1613	   0.1555997
   1	1649	   0.3654682
   1	1652	   0.3301005
   1	1654	   0.1000487
   1	1661	   0.4288109
   1	1677	   0.2787699
   1	1683	   0.2829261
   1	1691	   0.2912121
   1	1702	   0.1208297
   1	1707	   0.1024939
   1	1710	   0.2204953
   1	1714	   0.3733046
   1	1716	   0.1497708
   1	1720	   0.1342309
   1	1723	   0.3852928
   1	1733	   0.2405008
   1	1744	   0.4441548
   1	1747	   0.1526831
   1	1748	   0.4844707
   1	1762	   0.1773322
   1	1763	   0.2641525
   1	1773	   0.2985280
   1	1775	   0.4576365
   1	1795	   0.3287071
   1	1797	   0.2229448
   1	1801	   0.1960155
   1	1816	   0.2044424
   1	1849	   0.1810823
   1	1858	   0.1845978
   1	1884	   0.4673842
   1	1900	   0.3862065
   1	1918	   0.1712302
   1	1933	   0.2231647
   1	1942	   0.2739543
   1	1950	   0.4434536
   1	1953	   0.1951992
   1	1955	   0.1658803
   1	1967	   0.3407082
   1	1970	   0.1911831
   1	1978	   0.1656341
   1	1994	   0.3137367
   1	2004	   0.4148886
   1	2013	   0.3004397
   1	2014	   0.4194966
   1	2037	   0.4649695
   1	2053	   0.1438661
   1	2061	   0.2905670
   1	2064	   0.4534126
   1	2071	   0.4115025
   1	2078	   0.1034254
   1	2100	   0.4786475
   1	2115	   0.4052395
   1	2119	   0.1706940
   1	2138	   0.2794653
   1	2153	   0.3529041
   1	2158	   0.3848918
   1	2176	   0.4185756
   1	2186	   0.3188713
   1	2200	   0.3605317
   1	2201	   0.1636394
   1	2228	   0.4122159
   1	2233	   0.4979336
   1	2248	   0.2132634
   1	2279	   0.1030388
   1	2280	   0.2968325
   1	2298	   0.1605247
   1	2299	   0.4142799
   1	2308	   0.4709997
   1	2331	   0.1030321
   1	2347	   0.1856655
   1	2348	   0.1569873
   1	2351	   0.4357888
   1	2354	   0.2446718
   1	2382	   0.2355537
   1	2383	   0.4226777
   1	2398	   0.1453204
   1	2417	   0.2576245
   1	2428	   0.2189791
   1	2432	   0.2368757
   1	2443	   0.4419372
   1	2444	   0.3359224
   1	2454	   0.1174419
   1	2470	   0.1264557
   1	2487	   0.3222670
   1	2503	   0.2872605
   1	2532	   0.3737774
   1	2541	   0.3158211
   1	2545	   0.2530353
   1	2549	   0.4291019
   1	2560	   0.2428638
   1	2563	   0.2070682
   1	2580	   0.2324214
   1	2603	   0.3313226
   1	2621	   0.4823122
   1	2648	   0.2026234
   1	2666	   0.4752518
   1	2674	   0.3043860
   1	2695	   0.3452098
   1	2697	   0.4202621
   1	2753	   0.2752919
   1	2780	   0.2329887
   1	2801	   0.4048729
   1	2818	   0.2647328
   1	2836	   0.2055533
   1	2842	   0.4858361
   1	2849	   0.3373301
   1	2919	   0.4926907
   1	2929	   0.1583334
   1	2984	   0.2468992
   1	2986	   0.2823436
   1	3040	   0.2708074
   1	3049	   0.1022263
   1	3053	   0.3533741
   1	3063	   0.2402605
   1	3077	   0.1358850
   1	3085	   0.2226491
   1	3126	   0.4355019
   1	3132	   0.1059979
   1	3135	   0.2843210
   1	3143	   0.4607593
   1	3150	   0.3112068
   1	3161	   0.2228431
   1	3170	   0.4906257
   1	3176	   0.3610216
   1	3180	   0.4755789
   1	3202	   0.3962807
   1	3235	   0.3788606
   1	3239	   0.3835825
   1	3258	   0.2244735
   1	3296	   0.2882486
   1	3299	   0.4035010
   1	3305	   0.4374333
   1	3307	   0.3591806
   1	3308	   0.4587749
   1	3318	   0.2487886
   1	3322	   0.4688840
   1	3335	   0.2055203
   1	3336	   0.4932534
   1	3360	   0.4335882
   1	3399	   0.1017249
   1	3403	   0.4295104
   1	3404	   0.3057120
   1	3410	   0.1060322
   1	3422	   0.3925345
   1	3463	   0.1926967
   1	3488	   0.1921108
   1	3489	   0.1224569
   1	3500	   0.3149602
   1	3511	   0.3168291
   1	3528	   0.1531151
   1	3552	   0.1950291
   1	3579	   0.4458790
   1	3580	   0.3412211
   1	3581	   0.2183704
   1	3607	   0.2146417
   1	3633	   0.2558859
   1	3643	   0.4594860
   1	3644	   0.1208329
   1	3662	   0.2438868
   1	3669	   0.3321035
   1	3697	   0.3733847
   1	3714	   0.1548488
   1	3734	   0.2788236
   1	3751	   0.1094283
   1	3762	   0.2879556
   1	3769	   0.1672263
   1	3776	   0.2971857
   1	3789	   0.2304115
   1	3800	   0.3790482
   1	3810	   0.3393275
   1	3827	   0.3953210
   1	3857	   0.3585719
   1	3872	   0.1665617
   1	3889	   0.4161197
   1	3936	   0.1366586
   1	3949	   0.4086452
   1	3971	   0.2396378
   1	4004	   0.3718776
   1	4005	   0.2938061
   1	4010	   0.2903030
   1	4037	   0.4707092
   1	4044	   0.2198799
   1	4047	   0.2799335
   1	4083	   0.3295287
   1	4097	   0.3298555
   1	4138	   0.4540249
   1	4142	   0.1447762
   1	4153	   0.1408238
   1	4154	   0.3308154
   1	4157	   0.1783225
   1	4172	   0.1060645
   1	4177	   0.4881430
   1	4224	   0.4616333
   1	4225	   0.2491141
   1	4236	   0.1386917
   1	4361	   0.4792809
   1	4407	   0.4581888
   1	4411	   0.4087162
   1	4429	   0.3359524
   1	4434	   0.3261955
   1	4440	   0.3518629
   1	4442	   0.1052209
   1	4461	   0.3729804
   1	4465	   0.2405216
   1	4474	   0.3436013
   1	4490	   0.2425225
   1	4502	   0.4473747
   1	4503	   0.2371406
   1	4534	   0.3339740
   1	4558	   0.3342156
   1	4562	   0.2432493
   1	4564	   0.2781504
   1	4585	   0.4013842
   1	4608	   0.4389720
   1	4613	   0.2498328
   1	4617	   0.2424595
   1	4639	   0.3981760
   1	4659	   0.4618139
   1	4660	   0.1974249
   1	4689	   0.2284226
   1	4711	   0.2551450
   1	4716	   0.3104844
   1	4741	   0.3701649
   1	4746	   0.1179483
   1	4764	   0.4900833
   1	4771	   0.2744433
   1	4822	   0.4010996
   1	4824	   0.2004686
   1	4835	   0.4525720
   1	4851	   0.2006577
   1	4860	   0.2535682
   1	4870	   0.4685398
   1	4876	   0.2157891
   1	4893	   0.4099053
   1	4896	   0.1689226
   1	4910	   0.4611883
   1	4912	   0.3702280
   1	4919	   0.1500973
   1	4938	   0.1049540
   1	4947	   0.1115203
   1	4952	   0.2461701
   1	4962	   0.1989017
   1	4976	   0.4693483
   1	4979	   0.2620215
   2	   3	   0.3004684
   2	   4	   0.3968405
   2	   5	   0.4983536
   2	   6	   0.1205629
   2	   7	   0.2710709
   2	   8	   0.3917981
   2	   9	   0.4920428
   2	  10	   0.3635196
   2	  11	   0.2291062
   2	  12	   0.1183697
   2	  13	   0.2484620
   2	  14	   0.1401610
   2	  15	   0.1405146
   2	  16	   0.1738766
   2	  17	   0.1725032
   2	  18	   0.1856166
   2	  19	   0.2840486
   2	  20	   0.4797621
   2	  21	   0.3516223
   2	  22	   0.1368932
   2	  23	   0.1248605
   2	  24	   0.1555316
   2	  25	   0.1420116
   2	  26	   0.4136323
   2	  27	   0.3471270
   2	  28	   0.3117370
   2	  29	   0.3431617
   2	  30	   0.3853977
   2	  31	   0.3350042
   2	  32	   0.3159234
   2	  33	   0.1192269
   2	  34	   0.2119307
   2	  35	   0.2380578
   2	  36	   0.1802597
   2	  37	   0.4050872
   2	  40	   0.4184897
   2	  44	   0.2148880
   2	  47	   0.3336636
   2	  49	   0.3151342
   2	  51	   0.1540273
   2	  53	   0.2353106
   2	  54	   0.3858986
   2	  57	   0.2716165
   2	  60	   0.2038828
   2	  61	   0.2660209
   2	  62	   0.4297984
   2	  63	   0.4147863
   2	  64	   0.1492856
   2	  65	   0.4786052
   2	  68	   0.4296089
   2	  72	   0.3387655
   2	  76	   0.3980480
   2	  84	   0.3732295
   2	  87	   0.4225811
   2	  88	   0.2187924
   2	  96	   0.2418551
   2	 102	   0.3571105
   2	 104	   0.4434930
   2	 108	   0.4939075
   2	 110	   0.2244896
   2	 112	   0.2457282
   2	 119	   0.3642499
   2	 121	   0.2191818
   2	 124	   0.3806262
   2	 131	   0.4228619
   2	 132	   0.3818587
   2	 135	   0.1958344
   2	 137	   0.1351420
   2	 150	   0.3863444
   2	 152	   0.3162621
   2	 158	   0.2688892
   2	 159	   0.3646061
   2	 165	   0.3954009
   2	 172	   0.2638030
   2	 176	   0.2065323
   2	 188	   0.2459190
   2	 195	   0.4313069
   2	 207	   0.3011266
   2	 209	   0.3641492
   2	 210	   0.4951341
   2	 212	   0.3946087
   2	 222	   0.2678028
   2	 223	   0.2933736
   2	 225	   0.1519040
   2	 226	   0.1632700
   2	 227	   0.1348602
   2	 229	   0.4133655
   2	 230	   0.1108607
   2	 231	   0.1080538
   2	 235	   0.1902216
   2	 237	   0.4984598
   2	 240	   0.2273895
   2	 246	   0.3144939
   2	 249	   0.2371817
   2	 255	   0.2477944
   2	 262	   0.4860109
   2	 264	   0.1383541
   2	 267	   0.4260866
   2	 272	   0.4505115
   2	 273	   0.4858084
   2	 275	   0.3773203
   2	 289	   0.1235540
   2	 294	   0.1532264
   2	 299	   0.1612460
   2	 300	   0.3025859
   2	 306	   0.2681322
   2	 309	   0.3431149
   2	 314	   0.3530491
   2	 315	   0.1927713
   2	 320	   0.2652392
   2	 322	   0.1248950
   2	 329	   0.3668619
   2	 330	   0.3332840
   2	 331	   0.4713038
   2	 338	   0.4305274
   2	 339	   0.3290168
   2	 349	   0.2581616
   2	 355	   0.2095272
   2	 362	   0.4061714
   2	 363	   0.1313939
   2	 367	   0.2774933
   2	 373	   0.2269691
   2	 377	   0.3151948
   2	 381	   0.2299206
   2	 385	   0.4476416
   2	 389	   0.4201481
   2	 395	   0.1420692
   2	 412	   0.3708316
   2	 417	   0.4868302
   2	 426	   0.1669469
   2	 427	   0.4922840
   2	 428	   0.1430997
   2	 430	   0.1963406
   2	 433	   0.2120324
   2	 446	   0.1209814
   2	 463	   0.2443283
   2	 464	   0.4722646
   2	 469	   0.4924503
   2	 478	   0.1109248
   2	 483	   0.4208635
   2	 484	   0.2918697
   2	 494	   0.3167682
   2	 499	   0.1574224
   2	 507	   0.4868411
   2	 510	   0.1281024
   2	 511	   0.4080204
   2	 520	   0.3120498
   2	 525	   0.3109810
   2	 527	   0.3186927
   2	 538	   0.2152302
   2	 563	   0.3218321
   2	 583	   0.1083402
   2	 592	   0.3129185
   2	 597	   0.3287955
   2	 612	   0.2821880
   2	 632	   0.3427545
   2	 634	   0.3947274
   2	 647	   0.4640890
   2	 658	   0.4419303
   2	 752	   0.1226595
   2	 754	   0.1645074
   2	 757	   0.4645714
   2	 761	   0.3039473
   2	 766	   0.1548210
   2	 772	   0.1595571
   2	 780	   0.3372835
   2	 784	   0.3654537
   2	 793	   0.3689837
   2	 794	   0.1512522
   2	 795	   0.2724993
   2	 804	   0.2795214
   2	 832	   0.3906934
   2	 844	   0.3403114
   2	 846	   0.2838773
   2	 850	   0.2573741
   2	 863	   0.1581483
   2	 875	   0.3345231
   2	 885	   0.1182378
   2	 887	   0.2204120
   2	 896	   0.1249363
   2	 898	   0.4282570
   2	 905	   0.1864949
   2	 920	   0.1825404
   2	 927	   0.1792023
   2	 931	   0.4191263
   2	 936	   0.1029827
   2	 943	   0.1053043
   2	 959	   0.4803381
   2	 965	   0.4003548
   2	 966	   0.3435610
   2	 980	   0.1081632
   2	 985	   0.1607581
   2	1000	   0.4531840
   2	1002	   0.1141110
   2	1003	   0.3703866
   2	1027	   0.2999813
   2	1032	   0.2983991
   2	1037	   0.1483062
   2	1039	   0.1753699
   2	1045	   0.3235094
   2	1046	   0.1429251
   2	1051	   0.4589191
   2	1055	   0.4736239
   2	1060	   0.3969277
   2	1076	   0.4234449
   2	1085	   0.1600468
   2	1115	   0.2632216
   2	1128	   0.1157322
   2	1137	   0.4132284
   2	1141	   0.2753829
   2	1160	   0.4129063
   2	1166	   0.3610562
   2	1172	   0.3510257
   2	1213	   0.2814000
   2	1216	   0.3514905
   2	1226	   0.2329380
   2	1246	   0.1330677
   2	1262	   0.2141439
   2	1263	   0.4868855
   2	1283	   0.2068013
   2	1296	   0.2099653
   2	1298	   0.1912645
   2	1314	   0.2299593
   2	1346	   0.4836864
   2	1353	   0.2266834
   2	1369	   0.3578943
   2	1393	   0.1500993
   2	1399	   0.3598928
   2	1400	   0.2518175
   2	1406	   0.4840306
   2	1421	   0.4303958
   2	1429	   0.4053244
   2	1440	   0.3001795
   2	1477	   0.3219269
   2	1483	   0.2806639
   2	1510	   0.3092566
   2	1529	   0.3214388
   2	1532	   0.2172628
   2	1538	   0.2739635
   2	1545	   0.1641338
   2	1546	   0.1540082
   2	1583	   0.2409086
   2	1608	   0.1457178
   2	1611	   0.4746347
   2	1612	   0.3671836
   2	1614	   0.2161368
   2	1625	   0.4909459
   2	1634	   0.3824874
   2	1636	   0.2116444
   2	1664	   0.1531028
   2	1686	   0.1148709
   2	1703	   0.1325354
   2	1726	   0.2263998
   2	1733	   0.3147715
   2	1749	   0.1817266
   2	1809	   0.2119153
   2	1815	   0.1821202
   2	1829	   0.4024932
   2	1851	   0.2460722
   2	1858	   0.4110074
   2	1866	   0.4486780
   2	1877	   0.2729495
   2	1920	   0.2384992
   2	1927	   0.2719266
   2	1939	   0.1816926
   2	1959	   0.1426660
   2	1971	   0.3418445
   2	1974	   0.2258292
   2	1984	   0.4438871
   2	1992	   0.1404214
   2	1996	   0.1048204
   2	1997	   0.4785652
   2	2059	   0.3577146
   2	2064	   0.1494774
   2	2071	   0.4479820
   2	2096	   0.4079600
   2	2168	   0.2163066
   2	2174	   0.4275712
   2	2187	   0.3396466
   2	2190	   0.1273511
   2	2196	   0.1585033
   2	2214	   0.2809982
   2	2239	   0.2841973
   2	2244	   0.2137973
   2	2257	   0.2974915
   2	2271	   0.4829711
   2	2286	   0.1744465
   2	2301	   0.2939497
   2	2309	   0.3173847
   2	2329	   0.1758599
   2	2333	   0.1540227
   2	2335	   0.3617894
   2	2339	   0.4665713
   2	2372	   0.4854180
   2	2415	   0.3164220
   2	2431	   0.1974377
   2	2441	   0.4414485
   2	2445	   0.4096484
   2	2474	   0.1284537
   2	2476	   0.1448745
   2	2479	   0.1094192
   2	2482	   0.2360709
   2	2491	   0.1018998
   2	2511	   0.2063389
   2	2589	   0.4314673
   2	2592	   0.3866626
   2	2605	   0.4739467
   2	2613	   0.3019057
   2	2649	   0.3981557
   2	2723	   0.3078715
   2	2750	   0.1271502
   2	2766	   0.1518975
   2	2804	   0.3896558
   2	2811	   0.2270845
   2	2812	   0.2142885
   2	2816	   0.4166683
   2	2820	   0.4695514
   2	2844	   0.2914215
   2	2875	   0.3305283
   2	2882	   0.3138692
   2	2892	   0.2329427
   2	2921	   0.3693243
   2	2940	   0.3016337
   2	2956	   0.1689598
   2	2961	   0.3877034
   2	2970	   0.2144169
   2	2975	   0.4389077
   2	2999	   0.2549359
   2	3008	   0.4956826
   2	3010	   0.1834224
   2	3071	   0.3261259
   2	3106	   0.4595842
   2	3108	   0.1950940
   2	3141	   0.3584016
   2	3168	   0.3013255
   2	3208	   0.2661103
   2	3223	   0.4731144
   2	3243	   0.4106246
   2	3279	   0.4561020
   2	3291	   0.3175731
   2	3345	   0.1005242
   2	3358	   0.1075097
   2	3360	   0.3685530
   2	3379	   0.3303154
   2	3437	   0.3029316
   2	3473	   0.2380661
   2	3516	   0.4917631
   2	3519	   0.2927386
   2	3592	   0.4329787
   2	3596	   0.1413256
   2	3622	   0.2853418
   2	3636	   0.3536096
   2	3639	   0.2415808
   2	3669	   0.1471729
   2	3697	   0.3260477
   2	3750	   0.1659286
   2	3764	   0.3619235
   2	3798	   0.2720340
   2	3819	   0.1964319
   2	3840	   0.1843802
   2	3849	   0.2899078
   2	3851	   0.3089731
   2	3854	   0.2443786
   2	3857	   0.2993902
   2	3867	   0.3120986
   2	3895	   0.3405622
   2	3922	   0.3285292
   2	3938	   0.2162435
   2	3946	   0.2601098
   2	3948	   0.4954694
   2	3962	   0.1400387
   2	3982	   0.1525798
   2	4003	   0.4572926
   2	4014	   0.3196672
   2	4029	   0.1949210
   2	4084	   0.1663660
   2	4143	   0.3309692
   2	4173	   0.2282534
   2	4232	   0.4085536
   2	4286	   0.1066988
   2	4388	   0.2269970
   2	4413	   0.3122479
   2	4462	   0.2067236
   2	4497	   0.3518444
   2	4540	   0.4443360
   2	4543	   0.1711365
   2	4564	   0.1100149
   2	4567	   0.1657726
   2	4599	   0.3090182
   2	4629	   0.4435864
   2	4649	   0.2528471
   2	4681	   0.2672082
   2	4702	   0.3343975
   2	4764	   0.3105897
   2	4782	   0.3527958
   2	4856	   0.2480450
   2	4865	   0.4604060
   2	4866	   0.3377270
   2	4901	   0.3447438
   2	4927	   0.4086460
   2	4945	   0.1164578
   2	4946	   0.2443467
   2	4947	   0.1648398
   2	4982	   0.4404197
   3	   4	   0.1779154
   3	   5	   0.1451280
   3	   6	   0.2165476
   3	   7	   0.3160802
   3	   8	   0.3147162
   3	   9	   0.1104410
   3	  10	   0.1276693
   3	  11	   0.4726252
   3	  12	   0.3364991
   3	  13	   0.3189013
   3	  14	   0.4428935
   3	  15	   0.3967164
   3	  16	   0.3203897
   3	  17	   0.3285718
   3	  18	   0.4412705
   3	  19	   0.3145724
   3	  20	   0.4320289
   3	  21	   0.2872533
   3	  22	   0.3232240
   3	  23	   0.1349652
   3	  24	   0.2676953
   3	  25	   0.1505319
   3	  26	   0.3072916
   3	  27	   0.4555563
   3	  29	   0.2311466
   3	  30	   0.1690031
   3	  31	   0.2902921
   3	  32	   0.4148591
   3	  33	   0.4297993
   3	  34	   0.2851029
   3	  35	   0.1816300
   3	  37	   0.1112327
   3	  38	   0.4852703
   3	  39	   0.1604855
   3	  41	   0.2854787
   3	  42	   0.3401436
   3	  45	   0.2716137
   3	  46	   0.2414632
   3	  47	   0.2250178
   3	  48	   0.2634578
   3	  49	   0.4706536
   3	  51	   0.1831845
   3	  53	   0.4247701
   3	  55	   0.4355843
   3	  57	   0.3534052
   3	  58	   0.1464520
   3	  59	   0.2949266
   3	  60	   0.4415509
   3	  63	   0.1184192
   3	  64	   0.1488162
   3	  66	   0.2871919
   3	  71	   0.3979336
   3	  74	   0.3185855
   3	  79	   0.4011693
   3	  84	   0.1256053
   3	  85	   0.1962460
   3	  86	   0.2894519
   3	  88	   0.4218351
   3	  92	   0.4387085
   3	  94	   0.1770340
   3	  95	   0.3666465
   3	  96	   0.2280872
   3	  97	   0.4024790
   3	  98	   0.3136464
   3	  99	   0.3488069
   3	 103	   0.3010191
   3	 107	   0.2044762
   3	 108	   0.3490422
   3	 109	   0.4547600
   3	 110	   0.4912879
   3	 115	   0.3677972
   3	 116	   0.3060209
   3	 120	   0.1029063
   3	 125	   0.3123544
   3	 128	   0.1159367
   3	 129	   0.2262436
   3	 130	   0.2463040
   3	 136	   0.1054126
   3	 140	   0.2002777
   3	 157	   0.1090202
   3	 167	   0.4489530
   3	 179	   0.2878689
   3	 181	   0.1042306
   3	 195	   0.3872450
   3	 198	   0.3747110
   3	 199	   0.4724935
   3	 203	   0.4690561
   3	 204	   0.1802595
   3	 207	   0.1911205
   3	 214	   0.2773606
   3	 215	   0.3539735
   3	 218	   0.1392791
   3	 221	   0.1788372
   3	 239	   0.1872395
   3	 241	   0.3629698
   3	 242	   0.4994161
   3	 244	   0.3900360
   3	 249	   0.2967717
   3	 251	   0.2286718
   3	 252	   0.4666097
   3	 256	   0.2975026
   3	 260	   0.2902784
   3	 263	   0.3237845
   3	 265	   0.3191984
   3	 268	   0.1506823
   3	 269	   0.1420340
   3	 270	   0.3797780
   3	 271	   0.1111765
   3	 272	   0.2929655
   3	 274	   0.3857575
   3	 276	   0.4129020
   3	 284	   0.2707509
   3	 286	   0.2692169
   3	 293	   0.2168679
   3	 305	   0.1586332
   3	 316	   0.3517989
   3	 317	   0.4053819
   3	 321	   0.3311881
   3	 337	   0.2607180
   3	 339	   0.3431566
   3	 341	   0.3228559
   3	 343	   0.2017100
   3	 354	   0.2283082
   3	 355	   0.2733351
   3	 362	   0.2839033
   3	 372	   0.3054172
   3	 378	   0.2394082
   3	 392	   0.4196557
   3	 395	   0.2316699
   3	 402	   0.1810168
   3	 411	   0.4676397
   3	 422	   0.1018681
   3	 423	   0.1790668
   3	 428	   0.1956314
   3	 432	   0.2274838
   3	 442	   0.1793977
   3	 460	   0.2404506
   3	 464	   0.4710373
   3	 465	   0.2078089
   3	 467	   0.3715852
   3	 469	   0.4736363
   3	 470	   0.1799719
   3	 473	   0.4663770
   3	 477	   0.2824026
   3	 490	   0.2926563
   3	 495	   0.2748292
   3	 497	   0.4716064
   3	 500	   0.3512634
   3	 506	   0.2887532
   3	 513	   0.1685980
   3	 519	   0.3147547
   3	 526	   0.4201203
   3	 534	   0.3984735
   3	 535	   0.1046998
   3	 547	   0.2414587
   3	 550	   0.4479604
   3	 551	   0.2911954
   3	 559	   0.4097690
   3	 560	   0.1231721
   3	 569	   0.2741726
   3	 570	   0.1918706
   3	 575	   0.1757667
   3	 599	   0.1210249
   3	 602	   0.1237161
   3	 609	   0.3821660
   3	 610	   0.2814679
   3	 612	   0.3073455
   3	 642	   0.3559002
   3	 646	   0.2689044
   3	 647	   0.2724528
   3	 658	   0.4116269
   3	 673	   0.2253960
   3	 680	   0.3029573
   3	 694	   0.1829649
   3	 697	   0.4652379
   3	 698	   0.3479942
   3	 701	   0.1182657
   3	 712	   0.3123961
   3	 727	   0.2708168
   3	 729	   0.4062100
   3	 746	   0.1850940
   3	 758	   0.3271287
   3	 766	   0.2144085
   3	 778	   0.3053318
   3	 781	   0.1876841
   3	 783	   0.1866097
   3	 784	   0.1385630
   3	 809	   0.4741867
   3	 816	   0.4818462
   3	 818	   0.1064491
   3	 824	   0.1694218
   3	 852	   0.2419425
   3	 867	   0.4885842
   3	 874	   0.4562902
   3	 899	   0.2792812
   3	 918	   0.3890272
   3	 923	   0.4608168
   3	 927	   0.3978038
   3	 962	   0.4127898
   3	 977	   0.1433221
   3	 979	   0.3755832
   3	 983	   0.3853441
   3	 984	   0.1533711
   3	1023	   0.4906480
   3	1025	   0.4077781
   3	1047	   0.1024300
   3	1067	   0.4246492
   3	1073	   0.2075259
   3	1087	   0.3042813
   3	1093	   0.1970160
   3	1133	   0.3793860
   3	1140	   0.2734888
   3	1185	   0.2350008
   3	1207	   0.2529172
   3	1214	   0.1974196
   3	1218	   0.1015397
   3	1232	   0.1435350
   3	1240	   0.4264519
   3	1243	   0.3567654
   3	1258	   0.4748679
   3	1291	   0.3320348
   3	1292	   0.3377760
   3	1301	   0.3797774
   3	1302	   0.1332237
   3	1303	   0.4135403
   3	1323	   0.4552965
   3	1334	   0.2401753
   3	1352	   0.1560142
   3	1359	   0.2085249
   3	1367	   0.3249346
   3	1375	   0.4006125
   3	1388	   0.4251464
   3	1389	   0.3195354
   3	1410	   0.2911480
   3	1411	   0.1375748
   3	1427	   0.1741102
   3	1443	   0.1005617
   3	1457	   0.4644157
   3	1470	   0.4395805
   3	1492	   0.2386355
   3	1511	   0.1319923
   3	1512	   0.3765485
   3	1518	   0.1146296
   3	1520	   0.4240875
   3	1585	   0.2798304
   3	1605	   0.2882311
   3	1656	   0.2701368
   3	1661	   0.4131276
   3	1672	   0.3376555
   3	1701	   0.1576215
   3	1702	   0.2110399
   3	1707	   0.1570174
   3	1710	   0.2467823
   3	1714	   0.2212880
   3	1720	   0.3614614
   3	1723	   0.3321236
   3	1724	   0.4790080
   3	1734	   0.4175411
   3	1763	   0.1896361
   3	1772	   0.2780375
   3	1773	   0.2157315
   3	1774	   0.4510800
   3	1776	   0.4453975
   3	1784	   0.1501022
   3	1809	   0.4919208
   3	1812	   0.2511326
   3	1816	   0.4413421
   3	1827	   0.3880115
   3	1834	   0.1937613
   3	1843	   0.4577440
   3	1847	   0.2219635
   3	1857	   0.2341475
   3	1865	   0.4853351
   3	1874	   0.2013121
   3	1878	   0.4464510
   3	1886	   0.3991378
   3	1905	   0.1769263
   3	1932	   0.2281529
   3	1939	   0.3423277
   3	1948	   0.2547695
   3	1958	   0.4625135
   3	1969	   0.4679429
   3	1988	   0.4808506
   3	2005	   0.1127984
   3	2040	   0.4055525
   3	2049	   0.2472049
   3	2052	   0.3259738
   3	2062	   0.3321445
   3	2066	   0.3522835
   3	2073	   0.1106209
   3	2078	   0.1424963
   3	2088	   0.2915748
   3	2093	   0.2584709
   3	2109	   0.2656886
   3	2115	   0.2726021
   3	2119	   0.1070050
   3	2139	   0.3465818
   3	2182	   0.2843574
   3	2184	   0.4554628
   3	2196	   0.1332639
   3	2222	   0.4503364
   3	2226	   0.1668596
   3	2227	   0.4095664
   3	2262	   0.2673895
   3	2273	   0.2097585
   3	2277	   0.2934859
   3	2301	   0.4102398
   3	2335	   0.4295744
   3	2353	   0.4973971
   3	2389	   0.4638002
   3	2402	   0.3009814
   3	2423	   0.1560131
   3	2442	   0.1132565
   3	2446	   0.2535174
   3	2460	   0.3563557
   3	2480	   0.3690621
   3	2481	   0.3322085
   3	2488	   0.4184010
   3	2489	   0.4908602
   3	2498	   0.3919094
   3	2504	   0.2991195
   3	2511	   0.2627697
   3	2567	   0.4010135
   3	2572	   0.4834664
   3	2659	   0.4710106
   3	2680	   0.1982516
   3	2689	   0.2271801
   3	2708	   0.3041348
   3	2738	   0.1227020
   3	2755	   0.2139981
   3	2764	   0.3744384
   3	2771	   0.2512965
   3	2781	   0.4702773
   3	2796	   0.3746837
   3	2803	   0.1215552
   3	2807	   0.2248984
   3	2814	   0.3696039
   3	2849	   0.3210882
   3	2850	   0.1844591
   3	2857	   0.2894222
   3	2859	   0.3361236
   3	2864	   0.1573665
   3	2878	   0.2369845
   3	2882	   0.2480653
   3	2920	   0.2054806
   3	2921	   0.1359255
   3	2928	   0.3005507
   3	2947	   0.1538082
   3	2963	   0.3352031
   3	2964	   0.2094710
   3	3015	   0.1555411
   3	3033	   0.4212069
   3	3047	   0.3181123
   3	3049	   0.3560625
   3	3076	   0.4603876
   3	3099	   0.4291664
   3	3107	   0.4091674
   3	3111	   0.2309506
   3	3142	   0.4416122
   3	3193	   0.3296152
   3	3199	   0.1610891
   3	3210	   0.2440846
   3	3222	   0.3866480
   3	3306	   0.2574409
   3	3321	   0.2506550
   3	3327	   0.4864068
   3	3330	   0.1919146
   3	3337	   0.3625505
   3	3423	   0.2764596
   3	3481	   0.4319155
   3	3521	   0.1365224
   3	3555	   0.1750509
   3	3599	   0.3389436
   3	3614	   0.1598833
   3	3657	   0.3099434
   3	3659	   0.1988181
   3	3663	   0.4230601
   3	3684	   0.1957873
   3	3685	   0.2730411
   3	3711	   0.1222366
   3	3716	   0.2887980
   3	3717	   0.3709688
   3	3741	   0.4111984
   3	3775	   0.2267633
   3	3790	   0.2679923
   3	3793	   0.4582878
   3	3799	   0.4109917
   3	3817	   0.3332213
   3	3834	   0.3350212
   3	3838	   0.2864383
   3	3861	   0.1138328
   3	3903	   0.3180298
   3	3913	   0.1605508
   3	3922	   0.2754247
   3	3924	   0.3098751
   3	3929	   0.1928755
   3	3952	   0.3289980
   3	3972	   0.3356741
   3	3974	   0.4149533
   3	4098	   0.2764085
   3	4110	   0.4396235
   3	4123	   0.4769145
   3	4138	   0.3895287
   3	4141	   0.3890183
   3	4212	   0.2245410
   3	4215	   0.2163764
   3	4221	   0.3801252
   3	4223	   0.4651630
   3	4236	   0.2941307
   3	4251	   0.3600606
   3	4271	   0.1942511
   3	4274	   0.1565229
   3	4280	   0.2309656
   3	4287	   0.4952745
   3	4307	   0.2181434
   3	4319	   0.2415358
   3	4327	   0.4242025
   3	4329	   0.3762533
   3	4336	   0.4817704
   3	4361	   0.1665257
   3	4375	   0.1645615
   3	4393	   0.2878521
   3	4445	   0.2240617
   3	4455	   0.1572620
   3	4464	   0.1995896
   3	4477	   0.3652818
   3	4506	   0.4739228
   3	4507	   0.3828187
   3	4513	   0.3356751
   3	4532	   0.3621024
   3	4550	   0.2489600
   3	4552	   0.4973000
   3	4562	   0.3715753
   3	4591	   0.1629275
   3	4657	   0.4338708
   3	4670	   0.3841545
   3	4693	   0.2968708
   3	4754	   0.3270284
   3	4762	   0.1668803
   3	4791	   0.3831928
   3	4792	   0.4542358
   3	4798	   0.2970196
   3	4806	   0.4695107
   3	4848	   0.1821998
   3	4929	   0.1962458
   3	4952	   0.1561642
   3	4955	   0.2686457
   3	4982	   0.1864298
   4	   5	   0.3349512
   4	   6	   0.1669597
   4	   7	   0.1678734
   4	   8	   0.2068568
   4	   9	   0.4331052
   4	  10	   0.4223767
   4	  11	   0.2361272
   4	  12	   0.1999385
   4	  13	   0.4724206
   4	  14	   0.1663778
   4	  15	   0.1230456
   4	  16	   0.1806002
   4	  17	   0.2769070
   4	  18	   0.2455708
   4	  19	   0.3539533
   4	  20	   0.1057289
   4	  21	   0.2308816
   4	  22	   0.1464431
   4	  23	   0.1226842
   4	  24	   0.2976424
   4	  25	   0.3349161
   4	  26	   0.4953617
   4	  27	   0.1522843
   4	  28	   0.1400492
   4	  29	   0.2972715
   4	  30	   0.3122876
   4	  31	   0.4601799
   4	  32	   0.1897029
   4	  33	   0.2359698
   4	  34	   0.4277140
   4	  35	   0.1294693
   4	  36	   0.1543782
   4	  38	   0.3384994
   4	  39	   0.3546212
   4	  40	   0.3801275
   4	  42	   0.4450113
   4	  43	   0.2512684
   4	  44	   0.1449204
   4	  45	   0.1183666
   4	  48	   0.1496000
   4	  50	   0.3584915
   4	  54	   0.1508379
   4	  57	   0.1459436
   4	  58	   0.4385767
   4	  59	   0.3626834
   4	  63	   0.3509516
   4	  65	   0.2481148
   4	  66	   0.2283394
   4	  68	   0.3690968
   4	  69	   0.1577861
   4	  70	   0.3830609
   4	  71	   0.4738569
   4	  72	   0.1344054
   4	  73	   0.2776142
   4	  74	   0.3084855
   4	  77	   0.3736394
   4	  80	   0.1351278
   4	  85	   0.1467529
   4	  86	   0.4780391
   4	  88	   0.3285242
   4	  96	   0.1658543
   4	  97	   0.1534810
   4	  99	   0.3896409
   4	 100	   0.2771748
   4	 102	   0.4043460
   4	 103	   0.4404737
   4	 107	   0.2791656
   4	 108	   0.3206450
   4	 109	   0.1157055
   4	 111	   0.4819389
   4	 112	   0.1937289
   4	 116	   0.1238586
   4	 124	   0.1202033
   4	 127	   0.4224260
   4	 128	   0.1592006
   4	 132	   0.2343690
   4	 136	   0.2106768
   4	 138	   0.3104705
   4	 155	   0.3943551
   4	 158	   0.4458279
   4	 159	   0.3051668
   4	 171	   0.1345082
   4	 175	   0.1218739
   4	 182	   0.2548714
   4	 184	   0.4768298
   4	 186	   0.1346115
   4	 187	   0.3610501
   4	 188	   0.4483200
   4	 189	   0.1836665
   4	 190	   0.1552967
   4	 191	   0.2218978
   4	 196	   0.3618834
   4	 197	   0.2610978
   4	 199	   0.2855599
   4	 206	   0.1506359
   4	 208	   0.4369564
   4	 210	   0.1754854
   4	 211	   0.1366244
   4	 214	   0.3006144
   4	 218	   0.2276430
   4	 230	   0.2307742
   4	 241	   0.2476990
   4	 246	   0.2945724
   4	 250	   0.3791761
   4	 260	   0.4438153
   4	 261	   0.1249620
   4	 274	   0.1550945
   4	 278	   0.1808157
   4	 280	   0.3945422
   4	 281	   0.4053693
   4	 285	   0.3858658
   4	 287	   0.4723603
   4	 290	   0.2778762
   4	 292	   0.2009388
   4	 308	   0.2765169
   4	 314	   0.4680769
   4	 317	   0.4501332
   4	 318	   0.3328499
   4	 326	   0.2048161
   4	 328	   0.3856765
   4	 333	   0.1333811
   4	 351	   0.1070726
   4	 354	   0.4700116
   4	 355	   0.2935773
   4	 359	   0.3294144
   4	 364	   0.2201018
   4	 376	   0.1706855
   4	 377	   0.4681575
   4	 382	   0.2640406
   4	 398	   0.3894296
   4	 399	   0.3986720
   4	 422	   0.3920332
   4	 424	   0.4155601
   4	 428	   0.3296452
   4	 442	   0.3662669
   4	 447	   0.3613698
   4	 449	   0.3492977
   4	 451	   0.4881224
   4	 453	   0.4681787
   4	 470	   0.2797866
   4	 473	   0.3168747
   4	 479	   0.4829920
   4	 489	   0.3037216
   4	 493	   0.2594159
   4	 502	   0.3159037
   4	 504	   0.1746585
   4	 507	   0.3473212
   4	 508	   0.3095602
   4	 516	   0.4703549
   4	 535	   0.2715754
   4	 549	   0.1821507
   4	 555	   0.1039291
   4	 571	   0.3978583
   4	 579	   0.1289257
   4	 585	   0.3579767
   4	 592	   0.4960841
   4	 593	   0.3104166
   4	 595	   0.1998951
   4	 606	   0.3473438
   4	 613	   0.2133932
   4	 619	   0.4202611
   4	 623	   0.2166574
   4	 627	   0.4420623
   4	 640	   0.1678718
   4	 649	   0.2341897
   4	 651	   0.2469715
   4	 667	   0.4525518
   4	 668	   0.1060525
   4	 684	   0.1134426
   4	 696	   0.4388136
   4	 698	   0.2067001
   4	 699	   0.3416703
   4	 704	   0.1967044
   4	 714	   0.2063206
   4	 717	   0.4151044
   4	 728	   0.1600751
   4	 740	   0.4730927
   4	 746	   0.2545092
   4	 760	   0.1844072
   4	 767	   0.1973199
   4	 777	   0.3209460
   4	 788	   0.2421139
   4	 790	   0.2661866
   4	 793	   0.1111729
   4	 795	   0.2052237
   4	 810	   0.1780236
   4	 814	   0.4279862
   4	 825	   0.1551176
   4	 839	   0.4402734
   4	 863	   0.3571800
   4	 913	   0.2920807
   4	 918	   0.3106959
   4	 919	   0.4976247
   4	 920	   0.2651084
   4	 931	   0.2612345
   4	 936	   0.1332153
   4	 941	   0.2392838
   4	 944	   0.4619241
   4	 953	   0.1045942
   4	 960	   0.3941855
   4	 965	   0.4846389
   4	 968	   0.3682469
   4	 970	   0.1112877
   4	 981	   0.3210080
   4	 988	   0.3018561
   4	1003	   0.4957136
   4	1020	   0.1445997
   4	1042	   0.1841620
   4	1051	   0.3149217
   4	1082	   0.2710687
   4	1084	   0.4996127
   4	1085	   0.4101658
   4	1086	   0.4609394
   4	1090	   0.1296151
   4	1091	   0.3268445
   4	1109	   0.4153770
   4	1110	   0.3039009
   4	1113	   0.4299536
   4	1119	   0.3156665
   4	1172	   0.4708506
   4	1182	   0.3189660
   4	1189	   0.2315628
   4	1204	   0.1180269
   4	1225	   0.4795635
   4	1233	   0.4053947
   4	1241	   0.2514626
   4	1248	   0.2949021
   4	1264	   0.1264898
   4	1281	   0.1840822
   4	1295	   0.1133660
   4	1298	   0.4329526
   4	1318	   0.2684769
   4	1338	   0.1452251
   4	1356	   0.2560716
   4	1361	   0.3860424
   4	1365	   0.3765170
   4	1372	   0.1511726
   4	1375	   0.1983538
   4	1399	   0.2556540
   4	1402	   0.2378265
   4	1435	   0.1074919
   4	1456	   0.4260609
   4	1461	   0.2754806
   4	1463	   0.3264074
   4	1480	   0.3579365
   4	1481	   0.4834342
   4	1484	   0.3709995
   4	1486	   0.3775237
   4	1488	   0.1160892
   4	1508	   0.1081509
   4	1509	   0.1466015
   4	1514	   0.4026393
   4	1528	   0.4222073
   4	1532	   0.4379912
   4	1545	   0.3630266
   4	1550	   0.4645633
   4	1561	   0.2290612
   4	1593	   0.4294530
   4	1595	   0.3822860
   4	1599	   0.4501284
   4	1614	   0.2070431
   4	1619	   0.2789345
   4	1620	   0.2991235
   4	1630	   0.2853110
   4	1643	   0.3467206
   4	1653	   0.2368600
   4	1657	   0.1400159
   4	1659	   0.3841334
   4	1668	   0.3389801
   4	1673	   0.1065836
   4	1682	   0.3129114
   4	1705	   0.3529693
   4	1710	   0.4874049
   4	1719	   0.4853912
   4	1730	   0.4053890
   4	1764	   0.1610864
   4	1775	   0.3520280
   4	1784	   0.4277326
   4	1791	   0.2795559
   4	1808	   0.3407429
   4	1824	   0.2781927
   4	1836	   0.3108648
   4	1845	   0.1417813
   4	1846	   0.2879622
   4	1850	   0.2533757
   4	1853	   0.4746336
   4	1906	   0.1543191
   4	1927	   0.4781028
   4	1935	   0.3744563
   4	1976	   0.3223747
   4	1989	   0.3845583
   4	2010	   0.4709390
   4	2011	   0.1161189
   4	2017	   0.2017172
   4	2060	   0.4021210
   4	2061	   0.3799622
   4	2064	   0.4961149
   4	2079	   0.1273930
   4	2083	   0.1284569
   4	2094	   0.1163748
   4	2110	   0.4613900
   4	2111	   0.2625166
   4	2124	   0.2219968
   4	2132	   0.3448022
   4	2133	   0.1574802
   4	2135	   0.1126644
   4	2136	   0.1027883
   4	2143	   0.2207578
   4	2158	   0.1542834
   4	2167	   0.4266875
   4	2193	   0.2229109
   4	2210	   0.2816776
   4	2262	   0.1451475
   4	2266	   0.2487941
   4	2287	   0.3179388
   4	2298	   0.2029275
   4	2303	   0.3637082
   4	2329	   0.4278734
   4	2332	   0.2962300
   4	2337	   0.4346985
   4	2344	   0.2804226
   4	2346	   0.3429553
   4	2356	   0.1920628
   4	2366	   0.4563207
   4	2404	   0.2446860
   4	2414	   0.1775537
   4	2416	   0.3574059
   4	2475	   0.2648272
   4	2476	   0.3079135
   4	2484	   0.1431697
   4	2495	   0.4720273
   4	2512	   0.1496883
   4	2514	   0.2499377
   4	2517	   0.4578945
   4	2519	   0.4509532
   4	2553	   0.1278615
   4	2554	   0.3980212
   4	2571	   0.4309815
   4	2579	   0.2753151
   4	2626	   0.4572294
   4	2627	   0.2740467
   4	2657	   0.1572334
   4	2660	   0.2607616
   4	2664	   0.1229257
   4	2670	   0.4854072
   4	2677	   0.1734315
   4	2699	   0.1741580
   4	2720	   0.4241463
   4	2740	   0.1106453
   4	2759	   0.3715808
   4	2760	   0.3499995
   4	2761	   0.1035634
   4	2783	   0.1119790
   4	2815	   0.3991320
   4	2834	   0.2116185
   4	2863	   0.1943524
   4	2867	   0.1249656
   4	2873	   0.1191350
   4	2878	   0.1862226
   4	2892	   0.3345266
   4	2898	   0.1435769
   4	2900	   0.1256054
   4	2902	   0.3893823
   4	2920	   0.1050384
   4	2931	   0.3625143
   4	2932	   0.1523095
   4	2935	   0.1276684
   4	2944	   0.2132807
   4	2951	   0.4443937
   4	2955	   0.3959261
   4	2965	   0.2353409
   4	2977	   0.1113999
   4	2992	   0.4863028
   4	3010	   0.3416519
   4	3012	   0.3125565
   4	3039	   0.1103823
   4	3047	   0.2231167
   4	3054	   0.1320279
   4	3069	   0.3111231
   4	3126	   0.4816924
   4	3144	   0.1554739
   4	3152	   0.1332015
   4	3156	   0.3837895
   4	3226	   0.1759958
   4	3298	   0.2755056
   4	3346	   0.4544259
   4	3375	   0.2244805
   4	3380	   0.2527887
   4	3381	   0.4506043
   4	3400	   0.4679080
   4	3416	   0.3184568
   4	3419	   0.4270959
   4	3424	   0.4486796
   4	3488	   0.1217456
   4	3505	   0.2200743
   4	3520	   0.2912733
   4	3545	   0.4372675
   4	3560	   0.2633174
   4	3577	   0.3014412
   4	3606	   0.4514102
   4	3617	   0.2841053
   4	3635	   0.2504299
   4	3642	   0.2321786
   4	3653	   0.1144739
   4	3666	   0.4659559
   4	3671	   0.3237764
   4	3677	   0.1104805
   4	3716	   0.4139304
   4	3740	   0.4743324
   4	3746	   0.4025634
   4	3779	   0.4046606
   4	3803	   0.4464696
   4	3807	   0.3052396
   4	3819	   0.1990134
   4	3892	   0.3634225
   4	3954	   0.1926261
   4	3977	   0.4466973
   4	3980	   0.3696441
   4	4072	   0.3037821
   4	4090	   0.2070413
   4	4093	   0.3354348
   4	4103	   0.1177959
   4	4137	   0.4692310
   4	4162	   0.4119155
   4	4179	   0.2533857
   4	4208	   0.4197644
   4	4210	   0.3743390
   4	4232	   0.3080954
   4	4235	   0.1594608
   4	4236	   0.2853067
   4	4278	   0.1265324
   4	4305	   0.4686640
   4	4308	   0.1300367
   4	4313	   0.2858975
   4	4338	   0.4018674
   4	4368	   0.4920765
   4	4370	   0.3865086
   4	4406	   0.3881630
   4	4415	   0.4929945
   4	4458	   0.2366165
   4	4492	   0.1057798
   4	4510	   0.3311383
   4	4527	   0.4292168
   4	4538	   0.1577380
   4	4543	   0.1629945
   4	4547	   0.1554516
   4	4549	   0.1495113
   4	4576	   0.4498085
   4	4589	   0.2223082
   4	4601	   0.2881190
   4	4604	   0.3764156
   4	4605	   0.4992762
   4	4606	   0.2419570
   4	4633	   0.2966030
   4	4643	   0.4568409
   4	4668	   0.4567623
   4	4691	   0.4942703
   4	4973	   0.2366456
   4	4988	   0.3782159
   5	   6	   0.3362115
   5	   7	   0.3351971
   5	   8	   0.2139267
   5	   9	   0.3182220
   5	  10	   0.3254803
   5	  11	   0.2404919
   5	  12	   0.2664570
   5	  13	   0.1036244
   5	  14	   0.2292841
   5	  15	   0.3962287
   5	  16	   0.2734937
   5	  17	   0.1366812
   5	  18	   0.2192158
   5	  19	   0.2546208
   5	  20	   0.3689788
   5	  21	   0.1680818
   5	  22	   0.3192538
   5	  23	   0.1065363
   5	  24	   0.4587475
   5	  25	   0.2035232
   5	  26	   0.3139300
   5	  27	   0.3523907
   5	  28	   0.4832413
   5	  29	   0.2986424
   5	  30	   0.1358032
   5	  31	   0.1847631
   5	  32	   0.1640250
   5	  33	   0.2316835
   5	  34	   0.2150894
   5	  35	   0.3915341
   5	  36	   0.1084581
   5	  38	   0.3329668
   5	  40	   0.3840393
   5	  43	   0.2763985
   5	  45	   0.4428436
   5	  46	   0.3522868
   5	  47	   0.1321456
   5	  49	   0.4621331
   5	  52	   0.4805591
   5	  53	   0.4028767
   5	  55	   0.2496203
   5	  57	   0.4886544
   5	  63	   0.2923172
   5	  65	   0.4245559
   5	  66	   0.3061288
   5	  68	   0.2383812
   5	  72	   0.4648011
   5	  73	   0.1259255
   5	  74	   0.1150866
   5	  77	   0.1918204
   5	  81	   0.4605916
   5	  82	   0.1546621
   5	  83	   0.4767524
   5	  84	   0.1370266
   5	  92	   0.4625534
   5	  95	   0.3201718
   5	  97	   0.2740233
   5	  99	   0.2619196
   5	 100	   0.3899072
   5	 102	   0.4265326
   5	 103	   0.4097392
   5	 106	   0.3769842
   5	 108	   0.3338804
   5	 110	   0.1519656
   5	 116	   0.4903452
   5	 119	   0.1659952
   5	 120	   0.1898052
   5	 121	   0.2703861
   5	 123	   0.3595777
   5	 125	   0.3472121
   5	 129	   0.1103838
   5	 132	   0.2518020
   5	 135	   0.4402826
   5	 143	   0.2646318
   5	 147	   0.3110698
   5	 150	   0.2063260
   5	 152	   0.3106371
   5	 168	   0.4156813
   5	 169	   0.2683904
   5	 170	   0.3411619
   5	 171	   0.3410951
   5	 172	   0.4311567
   5	 181	   0.4191085
   5	 189	   0.2551013
   5	 196	   0.2878072
   5	 198	   0.2128242
   5	 207	   0.4652824
   5	 208	   0.2803884
   5	 209	   0.3850929
   5	 213	   0.4112946
   5	 216	   0.1686811
   5	 222	   0.1048775
   5	 227	   0.3080642
   5	 231	   0.2960858
   5	 232	   0.4739193
   5	 233	   0.3923380
   5	 235	   0.2731137
   5	 239	   0.3372759
   5	 241	   0.1685574
   5	 242	   0.2609538
   5	 244	   0.2349428
   5	 250	   0.3935184
   5	 252	   0.3030630
   5	 254	   0.2372555
   5	 256	   0.1893135
   5	 257	   0.3302294
   5	 264	   0.4688525
   5	 267	   0.2417859
   5	 273	   0.4658706
   5	 281	   0.2777633
   5	 283	   0.1625805
   5	 288	   0.4418527
   5	 297	   0.4919811
   5	 299	   0.1394264
   5	 301	   0.2666928
   5	 307	   0.2455202
   5	 309	   0.2326628
   5	 310	   0.2916116
   5	 315	   0.3720755
   5	 323	   0.1734102
   5	 333	   0.4335737
   5	 336	   0.1539410
   5	 343	   0.1338555
   5	 346	   0.4037736
   5	 349	   0.3700576
   5	 351	   0.1278442
   5	 359	   0.2793660
   5	 367	   0.1253941
   5	 373	   0.3907658
   5	 377	   0.4537541
   5	 378	   0.4770834
   5	 384	   0.3302765
   5	 387	   0.2373109
   5	 390	   0.3146374
   5	 395	   0.3565189
   5	 399	   0.3509860
   5	 400	   0.2475567
   5	 404	   0.2489344
   5	 407	   0.2822628
   5	 410	   0.2758446
   5	 419	   0.4507966
   5	 420	   0.4746879
   5	 422	   0.1324304
   5	 424	   0.2420348
   5	 430	   0.2841748
   5	 457	   0.1245109
   5	 458	   0.4006307
   5	 468	   0.3070255
   5	 503	   0.4597277
   5	 509	   0.1225902
   5	 510	   0.3653415
   5	 524	   0.4323334
   5	 533	   0.1778009
   5	 542	   0.3813346
   5	 547	   0.3709495
   5	 567	   0.3672127
   5	 571	   0.2199576
   5	 577	   0.4708682
   5	 579	   0.1620785
   5	 580	   0.4548974
   5	 587	   0.2042327
   5	 601	   0.1913672
   5	 602	   0.2904344
   5	 615	   0.4377057
   5	 624	   0.2363009
   5	 642	   0.2392210
   5	 643	   0.1189228
   5	 654	   0.4841423
   5	 658	   0.3527800
   5	 660	   0.3723200
   5	 665	   0.2266416
   5	 667	   0.4963036
   5	 681	   0.2804677
   5	 700	   0.1727534
   5	 705	   0.4101615
   5	 711	   0.4783337
   5	 718	   0.3828585
   5	 745	   0.4492140
   5	 756	   0.1960198
   5	 760	   0.4951353
   5	 766	   0.1717950
   5	 768	   0.2296503
   5	 793	   0.3611803
   5	 806	   0.2795454
   5	 811	   0.2362366
   5	 814	   0.1064436
   5	 816	   0.3203017
   5	 825	   0.1429032
   5	 831	   0.3574913
   5	 834	   0.4562948
   5	 850	   0.4136108
   5	 863	   0.4989483
   5	 891	   0.4145213
   5	 894	   0.4478537
   5	 907	   0.2891862
   5	 915	   0.1831657
   5	 917	   0.2352947
   5	 924	   0.3981998
   5	 932	   0.1324304
   5	 934	   0.3294281
   5	 935	   0.1478144
   5	 941	   0.1027094
   5	 953	   0.3212095
   5	 962	   0.1828334
   5	 963	   0.3263150
   5	 972	   0.4886459
   5	 977	   0.3459111
   5	 979	   0.1100302
   5	 981	   0.4736966
   5	 988	   0.2531114
   5	 991	   0.3443710
   5	 995	   0.3398414
   5	1009	   0.2031660
   5	1032	   0.2313348
   5	1036	   0.3636351
   5	1062	   0.4778106
   5	1112	   0.4688402
   5	1113	   0.2036586
   5	1116	   0.3876887
   5	1163	   0.3712208
   5	1178	   0.3571438
   5	1179	   0.1291145
   5	1180	   0.2182637
   5	1183	   0.4865808
   5	1204	   0.4225973
   5	1210	   0.3177777
   5	1235	   0.1085871
   5	1238	   0.1890090
   5	1243	   0.3088452
   5	1251	   0.2550730
   5	1256	   0.2084361
   5	1271	   0.3505138
   5	1279	   0.3269475
   5	1299	   0.2826579
   5	1312	   0.4974929
   5	1315	   0.2765524
   5	1332	   0.1860133
   5	1335	   0.2052508
   5	1338	   0.3355860
   5	1341	   0.2624297
   5	1349	   0.2935756
   5	1353	   0.2948490
   5	1359	   0.2601822
   5	1389	   0.3168781
   5	1399	   0.1851606
   5	1401	   0.2188610
   5	1402	   0.3783893
   5	1415	   0.4655765
   5	1425	   0.3610472
   5	1430	   0.2959753
   5	1433	   0.3977967
   5	1440	   0.3456971
   5	1446	   0.4655479
   5	1455	   0.3331724
   5	1466	   0.2155990
   5	1506	   0.4767934
   5	1510	   0.1855209
   5	1521	   0.1329175
   5	1538	   0.2897663
   5	1540	   0.3618618
   5	1563	   0.4648826
   5	1578	   0.1854246
   5	1596	   0.3058166
   5	1605	   0.4266851
   5	1609	   0.2391572
   5	1618	   0.3618451
   5	1619	   0.1498908
   5	1642	   0.2139906
   5	1643	   0.1041119
   5	1655	   0.2450259
   5	1713	   0.2962304
   5	1735	   0.3055117
   5	1780	   0.1763848
   5	1783	   0.1317623
   5	1784	   0.1464946
   5	1785	   0.1695138
   5	1788	   0.3838037
   5	1807	   0.3153079
   5	1830	   0.2585694
   5	1849	   0.3898562
   5	1863	   0.4450714
   5	1877	   0.3159250
   5	1881	   0.1617808
   5	1888	   0.4459291
   5	1907	   0.3621395
   5	1912	   0.3911630
   5	1921	   0.1677853
   5	1933	   0.3418163
   5	1942	   0.3442567
   5	1972	   0.2338400
   5	1973	   0.1855869
   5	2021	   0.2260294
   5	2037	   0.3251624
   5	2046	   0.4019975
   5	2049	   0.3791147
   5	2083	   0.1784271
   5	2101	   0.3006590
   5	2103	   0.1771008
   5	2112	   0.4637873
   5	2115	   0.3145244
   5	2118	   0.1202940
   5	2120	   0.3058980
   5	2140	   0.3940726
   5	2142	   0.2592787
   5	2143	   0.1300903
   5	2186	   0.4417967
   5	2209	   0.1571455
   5	2222	   0.1782529
   5	2243	   0.4530576
   5	2289	   0.4516658
   5	2302	   0.1760754
   5	2341	   0.1115562
   5	2351	   0.4516232
   5	2374	   0.1356234
   5	2398	   0.1907325
   5	2415	   0.2836264
   5	2418	   0.1699932
   5	2428	   0.3580838
   5	2429	   0.4371448
   5	2430	   0.1040615
   5	2440	   0.1491449
   5	2443	   0.4493215
   5	2477	   0.3391645
   5	2487	   0.3584470
   5	2512	   0.4729740
   5	2517	   0.4308167
   5	2550	   0.4410934
   5	2552	   0.2513980
   5	2574	   0.1821152
   5	2589	   0.4028485
   5	2660	   0.4050534
   5	2669	   0.3660775
   5	2676	   0.1266874
   5	2700	   0.4440592
   5	2702	   0.2886931
   5	2704	   0.3198620
   5	2712	   0.4853681
   5	2753	   0.4899721
   5	2760	   0.1655940
   5	2784	   0.1068513
   5	2800	   0.3278922
   5	2814	   0.4710648
   5	2900	   0.2074276
   5	2908	   0.2546172
   5	2911	   0.3154144
   5	2932	   0.2359622
   5	2934	   0.1172064
   5	2935	   0.4493226
   5	2943	   0.4123204
   5	2950	   0.4540448
   5	2962	   0.4073799
   5	2978	   0.3956036
   5	2988	   0.3809571
   5	3002	   0.3218779
   5	3030	   0.1357270
   5	3038	   0.1776227
   5	3058	   0.1647210
   5	3097	   0.3236149
   5	3105	   0.1344904
   5	3119	   0.2166757
   5	3135	   0.3160723
   5	3155	   0.1579006
   5	3188	   0.2077689
   5	3211	   0.4107319
   5	3214	   0.2233843
   5	3227	   0.2855826
   5	3249	   0.3658436
   5	3259	   0.4509739
   5	3278	   0.1651866
   5	3302	   0.3967207
   5	3316	   0.2931407
   5	3340	   0.4292960
   5	3391	   0.3049172
   5	3401	   0.4677809
   5	3430	   0.1781585
   5	3509	   0.2955635
   5	3514	   0.1805297
   5	3531	   0.2078024
   5	3532	   0.3515577
   5	3536	   0.3188720
   5	3540	   0.2105775
   5	3600	   0.3744546
   5	3657	   0.3098518
   5	3659	   0.3561015
   5	3675	   0.2863074
   5	3695	   0.4295265
   5	3698	   0.2853329
   5	3705	   0.2487913
   5	3737	   0.4966476
   5	3774	   0.4147820
   5	3853	   0.4899744
   5	3923	   0.2523775
   5	3930	   0.4625627
   5	3947	   0.1540072
   5	3970	   0.4945671
   5	3977	   0.1342006
   5	3990	   0.2995747
   5	4023	   0.3273407
   5	4039	   0.1087182
   5	4053	   0.4555650
   5	4103	   0.1627345
   5	4106	   0.4311486
   5	4171	   0.4600995
   5	4195	   0.1467072
   5	4196	   0.4770440
   5	4228	   0.4500974
   5	4260	   0.2166525
   5	4308	   0.1432294
   5	4317	   0.1226520
   5	4333	   0.4630024
   5	4343	   0.4328974
   5	4347	   0.1613814
   5	4354	   0.3887117
   5	4390	   0.3586006
   5	4396	   0.4033684
   5	4397	   0.2284967
   5	4403	   0.2165313
   5	4406	   0.4426263
   5	4461	   0.2179726
   5	4465	   0.4137163
   5	4486	   0.4617891
   5	4541	   0.4433142
   5	4545	   0.2333517
   5	4612	   0.2222713
   5	4671	   0.2917376
   5	4683	   0.1771505
   5	4684	   0.2936543
   5	4689	   0.3926857
   5	4710	   0.2466564
   5	4760	   0.4433360
   5	4762	   0.3760728
   5	4778	   0.2516094
   5	4787	   0.1383315
   5	4816	   0.4338511
   5	4894	   0.4631354
   5	4898	   0.4108165
   5	4928	   0.1586385
   5	4940	   0.2507218
   5	4941	   0.1143702
   5	4960	   0.2732756
   5	4966	   0.2357983
   5	4977	   0.4841054
   5	4996	   0.1979424
   6	   7	   0.3697266
   6	   8	   0.1619320
   6	   9	   0.4915299
   6	  10	   0.3269736
   6	  11	   0.1122393
   6	  12	   0.4112774
   6	  13	   0.1372057
   6	  14	   0.1914451
   6	  15	   0.3648002
   6	  16	   0.4639301
   6	  17	   0.1767741
   6	  18	   0.3466998
   6	  19	   0.4461220
   6	  20	   0.1801193
   6	  21	   0.4567069
   6	  22	   0.1804748
   6	  23	   0.3594535
   6	  24	   0.2700792
   6	  25	   0.1798168
   6	  26	   0.1020396
   6	  27	   0.3851349
   6	  28	   0.4447437
   6	  30	   0.1609695
   6	  31	   0.3095683
   6	  32	   0.1350126
   6	  35	   0.1277335
   6	  36	   0.2510174
   6	  37	   0.4627585
   6	  38	   0.3839352
   6	  40	   0.2925690
   6	  41	   0.1853120
   6	  43	   0.4536084
   6	  45	   0.3833153
   6	  47	   0.1585329
   6	  48	   0.4854923
   6	  49	   0.2757976
   6	  51	   0.3068043
   6	  55	   0.2670652
   6	  56	   0.1779714
   6	  58	   0.1878765
   6	  59	   0.4905708
   6	  61	   0.3498603
   6	  62	   0.3573299
   6	  63	   0.2752932
   6	  64	   0.1800548
   6	  72	   0.4651988
   6	  73	   0.3087791
   6	  77	   0.2549726
   6	  82	   0.3837540
   6	  84	   0.3633698
   6	  85	   0.4218337
   6	  86	   0.4839635
   6	  92	   0.1372980
   6	  94	   0.2726493
   6	  95	   0.1255322
   6	  98	   0.2814451
   6	 102	   0.3145963
   6	 104	   0.2344445
   6	 106	   0.2523989
   6	 114	   0.4420812
   6	 116	   0.2741057
   6	 122	   0.2481302
   6	 123	   0.4734969
   6	 131	   0.4340690
   6	 133	   0.4123446
   6	 139	   0.1066153
   6	 140	   0.3401155
   6	 142	   0.2299549
   6	 144	   0.1703892
   6	 145	   0.1116783
   6	 148	   0.3826700
   6	 152	   0.1391044
   6	 162	   0.2631517
   6	 163	   0.3908419
   6	 172	   0.2658924
   6	 182	   0.1489924
   6	 187	   0.3841436
   6	 189	   0.2813679
   6	 191	   0.1181219
   6	 202	   0.1597169
   6	 205	   0.4378429
   6	 211	   0.3152878
   6	 213	   0.3841970
   6	 217	   0.2910428
   6	 223	   0.1167629
   6	 224	   0.2252960
   6	 230	   0.2289223
   6	 232	   0.2109724
   6	 238	   0.2582125
   6	 242	   0.2086747
   6	 245	   0.3941286
   6	 250	   0.4114067
   6	 252	   0.3253220
   6	 266	   0.2151585
   6	 277	   0.2793503
   6	 284	   0.1644180
   6	 288	   0.4926812
   6	 290	   0.2313205
   6	 291	   0.3587478
   6	 292	   0.3861759
   6	 297	   0.3688127
   6	 299	   0.1145749
   6	 314	   0.1853927
   6	 320	   0.1665951
   6	 324	   0.1763233
   6	 331	   0.2750651
   6	 333	   0.3535862
   6	 334	   0.1852501
   6	 335	   0.3396729
   6	 343	   0.1603731
   6	 346	   0.1135483
   6	 348	   0.4380681
   6	 349	   0.3621334
   6	 350	   0.2847664
   6	 352	   0.2104695
   6	 355	   0.1414052
   6	 356	   0.2697864
   6	 372	   0.3357749
   6	 373	   0.4659693
   6	 390	   0.3042485
   6	 394	   0.4333441
   6	 395	   0.2681529
   6	 396	   0.2308661
   6	 397	   0.1900887
   6	 408	   0.2397040
   6	 409	   0.2414776
   6	 424	   0.4701371
   6	 435	   0.4008621
   6	 441	   0.3457354
   6	 456	   0.2740312
   6	 458	   0.1986378
   6	 463	   0.4361051
   6	 481	   0.1380587
   6	 489	   0.1422727
   6	 501	   0.1011982
   6	 506	   0.2496208
   6	 507	   0.4379068
   6	 525	   0.4062695
   6	 538	   0.4016685
   6	 547	   0.2448905
   6	 567	   0.4015029
   6	 588	   0.1078205
   6	 589	   0.2236254
   6	 590	   0.3707747
   6	 602	   0.2134199
   6	 606	   0.2658453
   6	 608	   0.3897901
   6	 611	   0.2495653
   6	 615	   0.2433700
   6	 617	   0.3982388
   6	 618	   0.3416751
   6	 623	   0.3140246
   6	 627	   0.4700195
   6	 638	   0.2806799
   6	 640	   0.1988745
   6	 647	   0.1493885
   6	 649	   0.1271387
   6	 653	   0.4691572
   6	 671	   0.1319036
   6	 672	   0.2180636
   6	 676	   0.4653884
   6	 694	   0.4501258
   6	 698	   0.1837826
   6	 699	   0.1597532
   6	 701	   0.2576735
   6	 702	   0.3088947
   6	 703	   0.3474299
   6	 718	   0.1783766
   6	 725	   0.2908841
   6	 734	   0.4087764
   6	 749	   0.2904445
   6	 754	   0.3927642
   6	 761	   0.2821966
   6	 773	   0.4395439
   6	 774	   0.3811237
   6	 779	   0.4692933
   6	 781	   0.3608485
   6	 786	   0.2084129
   6	 793	   0.3937251
   6	 798	   0.2280355
   6	 803	   0.4359419
   6	 809	   0.3302346
   6	 810	   0.1954020
   6	 823	   0.3084047
   6	 825	   0.2932341
   6	 837	   0.1993183
   6	 840	   0.4856418
   6	 843	   0.2636228
   6	 845	   0.1369159
   6	 848	   0.4180478
   6	 853	   0.4620135
   6	 854	   0.3877246
   6	 868	   0.3320134
   6	 875	   0.3633205
   6	 882	   0.1947068
   6	 887	   0.3055775
   6	 892	   0.1260234
   6	 923	   0.1823828
   6	 929	   0.4334099
   6	 932	   0.3766284
   6	 940	   0.1146018
   6	 950	   0.1244275
   6	 968	   0.2743308
   6	1000	   0.1804269
   6	1001	   0.2193378
   6	1005	   0.3409898
   6	1014	   0.2006525
   6	1019	   0.1673093
   6	1022	   0.2501773
   6	1031	   0.4477003
   6	1068	   0.4719541
   6	1069	   0.3720103
   6	1095	   0.1268927
   6	1098	   0.2991823
   6	1118	   0.1359953
   6	1123	   0.4415416
   6	1130	   0.3481716
   6	1133	   0.2263106
   6	1141	   0.4277400
   6	1152	   0.3836534
   6	1156	   0.2870401
   6	1160	   0.4728255
   6	1161	   0.3454162
   6	1167	   0.3844068
   6	1172	   0.1066606
   6	1197	   0.3432595
   6	1233	   0.3713063
   6	1273	   0.3801049
   6	1275	   0.3243445
   6	1285	   0.1223790
   6	1287	   0.3380555
   6	1299	   0.4988100
   6	1313	   0.2164340
   6	1322	   0.4820352
   6	1333	   0.3091696
   6	1336	   0.1544388
   6	1346	   0.1793539
   6	1350	   0.3093854
   6	1399	   0.3136194
   6	1409	   0.4405877
   6	1423	   0.2711209
   6	1430	   0.1587171
   6	1435	   0.1273765
   6	1439	   0.3647365
   6	1441	   0.2115061
   6	1443	   0.3898633
   6	1452	   0.2895852
   6	1455	   0.2363256
   6	1465	   0.1335327
   6	1468	   0.3213909
   6	1471	   0.1158505
   6	1531	   0.2267557
   6	1560	   0.1214852
   6	1568	   0.3067078
   6	1607	   0.2717326
   6	1610	   0.1316620
   6	1618	   0.2878241
   6	1624	   0.4269459
   6	1641	   0.4794989
   6	1655	   0.2623354
   6	1662	   0.4663744
   6	1675	   0.4068017
   6	1690	   0.3285784
   6	1695	   0.3353002
   6	1708	   0.3622305
   6	1719	   0.4682929
   6	1734	   0.1872596
   6	1745	   0.3626320
   6	1748	   0.1420969
   6	1775	   0.1317019
   6	1777	   0.2668421
   6	1780	   0.3455130
   6	1812	   0.2451535
   6	1815	   0.4822236
   6	1843	   0.1033685
   6	1846	   0.3946470
   6	1849	   0.2306569
   6	1874	   0.3354704
   6	1877	   0.2128532
   6	1887	   0.3321166
   6	1898	   0.2729290
   6	1920	   0.3516507
   6	1940	   0.3871863
   6	1948	   0.4360306
   6	1963	   0.1257563
   6	1966	   0.1126667
   6	1979	   0.1013081
   6	1981	   0.1416594
   6	1994	   0.2147633
   6	1996	   0.4532900
   6	1998	   0.4515491
   6	2043	   0.4372252
   6	2044	   0.1895828
   6	2166	   0.4072870
   6	2190	   0.2766844
   6	2201	   0.1228938
   6	2216	   0.1102422
   6	2221	   0.1236695
   6	2240	   0.4090985
   6	2241	   0.2197123
   6	2265	   0.1984150
   6	2266	   0.3702395
   6	2287	   0.1120242
   6	2313	   0.4500899
   6	2342	   0.2209741
   6	2360	   0.3671692
   6	2375	   0.1669458
   6	2377	   0.1786749
   6	2384	   0.4327571
   6	2390	   0.3736292
   6	2400	   0.3371063
   6	2421	   0.3850936
   6	2440	   0.3676347
   6	2465	   0.3121166
   6	2473	   0.3746799
   6	2520	   0.3453049
   6	2544	   0.1564886
   6	2560	   0.2855291
   6	2570	   0.3785288
   6	2572	   0.2771264
   6	2576	   0.2639348
   6	2628	   0.1987977
   6	2673	   0.4319120
   6	2688	   0.2455995
   6	2701	   0.4280793
   6	2717	   0.3592437
   6	2733	   0.3807871
   6	2776	   0.2246140
   6	2784	   0.1994380
   6	2812	   0.2505352
   6	2820	   0.1391576
   6	2841	   0.1350497
   6	2874	   0.3269421
   6	2912	   0.3833547
   6	2920	   0.3852846
   6	2932	   0.4575815
   6	2987	   0.2836144
   6	3004	   0.1619325
   6	3012	   0.3986684
   6	3048	   0.3855975
   6	3074	   0.3032915
   6	3077	   0.1022202
   6	3078	   0.1551864
   6	3089	   0.3644584
   6	3099	   0.2800348
   6	3106	   0.3510154
   6	3109	   0.1862094
   6	3151	   0.1341321
   6	3156	   0.3086793
   6	3169	   0.2572468
   6	3204	   0.2990076
   6	3205	   0.1820811
   6	3239	   0.4800335
   6	3251	   0.2869721
   6	3266	   0.4158655
   6	3277	   0.3635362
   6	3294	   0.4886677
   6	3304	   0.3442962
   6	3341	   0.3740976
   6	3366	   0.3846223
   6	3393	   0.2390659
   6	3414	   0.1846992
   6	3457	   0.2929140
   6	3462	   0.2531799
   6	3464	   0.2519417
   6	3489	   0.1408811
   6	3505	   0.2659830
   6	3507	   0.4670937
   6	3514	   0.4443003
   6	3583	   0.4632652
   6	3591	   0.4514116
   6	3626	   0.3978538
   6	3628	   0.2011434
   6	3632	   0.2075463
   6	3662	   0.3029730
   6	3698	   0.3314998
   6	3711	   0.3396931
   6	3743	   0.3570045
   6	3754	   0.2258321
   6	3763	   0.4017835
   6	3796	   0.4316372
   6	3846	   0.1679994
   6	3894	   0.4956121
   6	3939	   0.4595724
   6	3959	   0.3107869
   6	3960	   0.2107268
   6	3980	   0.3819618
   6	4000	   0.3354848
   6	4034	   0.2712936
   6	4042	   0.1948610
   6	4047	   0.3141873
   6	4062	   0.2991397
   6	4082	   0.2459266
   6	4098	   0.4910852
   6	4103	   0.4198683
   6	4109	   0.4226875
   6	4121	   0.1868472
   6	4124	   0.4904633
   6	4151	   0.4151970
   6	4184	   0.2974688
   6	4195	   0.4221013
   6	4213	   0.4205674
   6	4245	   0.1477709
   6	4252	   0.1422215
   6	4268	   0.1867694
   6	4295	   0.1963838
   6	4303	   0.3372094
   6	4307	   0.3408089
   6	4337	   0.3583341
   6	4342	   0.1046938
   6	4343	   0.2645849
   6	4351	   0.1456548
   6	4369	   0.2950110
   6	4387	   0.3904120
   6	4391	   0.3307525
   6	4434	   0.1165133
   6	4445	   0.2076705
   6	4476	   0.4158201
   6	4524	   0.1889886
   6	4552	   0.4396631
   6	4553	   0.4177082
   6	4606	   0.3489996
   6	4612	   0.1722279
   6	4636	   0.1312829
   6	4648	   0.1865328
   6	4677	   0.1505036
   6	4679	   0.4827812
   6	4710	   0.4918109
   6	4712	   0.4378110
   6	4737	   0.1567105
   6	4764	   0.4789093
   6	4787	   0.4111207
   6	4843	   0.3385884
   6	4847	   0.4999386
   6	4858	   0.4909624
   6	4870	   0.2525926
   6	4885	   0.1673439
   6	4904	   0.2308092
   6	4968	   0.4159577
   6	4972	   0.1979642
   7	   8	   0.4605010
   7	   9	   0.2212656
   7	  10	   0.3713864
   7	  11	   0.4206824
   7	  12	   0.2993359
   7	  13	   0.3868812
   7	  14	   0.1846365
   7	  15	   0.4083426
   7	  16	   0.2045084
   7	  17	   0.1113860
   7	  18	   0.1020386
   7	  19	   0.3531066
   7	  20	   0.1617309
   7	  21	   0.4627420
   7	  22	   0.4373534
   7	  23	   0.1879932
   7	  24	   0.1253455
   7	  25	   0.4474398
   7	  26	   0.4804204
   7	  27	   0.3401463
   7	  28	   0.3867537
   7	  29	   0.2665384
   7	  30	   0.3671616
   7	  32	   0.1527321
   7	  33	   0.1152350
   7	  34	   0.4307481
   7	  35	   0.4349878
   7	  36	   0.2379419
   7	  37	   0.4891916
   7	  38	   0.2593053
   7	  40	   0.2798365
   7	  41	   0.4445623
   7	  42	   0.4328060
   7	  43	   0.3759522
   7	  45	   0.3193483
   7	  49	   0.1280588
   7	  50	   0.4645429
   7	  52	   0.2561837
   7	  53	   0.4350179
   7	  57	   0.4306476
   7	  59	   0.2439572
   7	  61	   0.1958241
   7	  66	   0.3106477
   7	  67	   0.4727385
   7	  69	   0.3260179
   7	  72	   0.2971379
   7	  74	   0.4891424
   7	  76	   0.2353993
   7	  77	   0.3584478
   7	  78	   0.3205536
   7	  80	   0.4846980
   7	  81	   0.2963232
   7	  83	   0.1354409
   7	  91	   0.4861774
   7	  94	   0.1498326
   7	  95	   0.3161119
   7	  96	   0.3296403
   7	  97	   0.4851061
   7	 106	   0.2562778
   7	 108	   0.3823468
   7	 110	   0.3883366
   7	 111	   0.3564435
   7	 112	   0.3413070
   7	 113	   0.1448156
   7	 115	   0.3248664
   7	 122	   0.3355343
   7	 124	   0.4430575
   7	 129	   0.4768180
   7	 130	   0.2817222
   7	 131	   0.1455724
   7	 134	   0.4046573
   7	 136	   0.2577693
   7	 137	   0.1824510
   7	 140	   0.2895150
   7	 142	   0.3895620
   7	 143	   0.3568689
   7	 147	   0.3102152
   7	 148	   0.1691453
   7	 150	   0.3804564
   7	 153	   0.1943275
   7	 157	   0.3040616
   7	 160	   0.1725787
   7	 161	   0.3675393
   7	 162	   0.3209923
   7	 165	   0.1133675
   7	 169	   0.4396889
   7	 173	   0.3255789
   7	 174	   0.1414792
   7	 176	   0.4942228
   7	 179	   0.3258629
   7	 180	   0.2228981
   7	 181	   0.3544257
   7	 186	   0.4016549
   7	 188	   0.1531172
   7	 194	   0.4465071
   7	 199	   0.2896330
   7	 202	   0.3160301
   7	 204	   0.4147573
   7	 211	   0.3829711
   7	 214	   0.2190168
   7	 219	   0.3987028
   7	 222	   0.2067415
   7	 224	   0.3239571
   7	 233	   0.4161367
   7	 237	   0.2245595
   7	 240	   0.1312517
   7	 244	   0.3924195
   7	 263	   0.2343803
   7	 268	   0.3758165
   7	 271	   0.3912082
   7	 274	   0.2167557
   7	 277	   0.1530016
   7	 279	   0.1114039
   7	 281	   0.2055244
   7	 283	   0.2095161
   7	 289	   0.1267262
   7	 293	   0.3567842
   7	 297	   0.3837551
   7	 299	   0.4607306
   7	 301	   0.1165484
   7	 303	   0.4345566
   7	 305	   0.2675281
   7	 311	   0.4621663
   7	 312	   0.1968938
   7	 320	   0.1291853
   7	 326	   0.2629314
   7	 335	   0.4684502
   7	 338	   0.3419117
   7	 348	   0.2771137
   7	 361	   0.2309004
   7	 366	   0.2206997
   7	 369	   0.2110022
   7	 383	   0.2713744
   7	 389	   0.4549655
   7	 395	   0.1502263
   7	 397	   0.3772975
   7	 403	   0.3886573
   7	 407	   0.2116853
   7	 409	   0.1837237
   7	 420	   0.4769057
   7	 424	   0.4890497
   7	 434	   0.1223291
   7	 439	   0.4962265
   7	 445	   0.1958378
   7	 447	   0.3113934
   7	 453	   0.1708884
   7	 456	   0.4135374
   7	 468	   0.3044846
   7	 478	   0.1429328
   7	 483	   0.4669510
   7	 484	   0.2534728
   7	 510	   0.1130452
   7	 516	   0.1550593
   7	 536	   0.1344802
   7	 541	   0.3444549
   7	 549	   0.2548833
   7	 556	   0.4743978
   7	 562	   0.4737475
   7	 574	   0.1605150
   7	 581	   0.1403758
   7	 584	   0.4312728
   7	 587	   0.3977035
   7	 596	   0.3074649
   7	 598	   0.1681145
   7	 606	   0.3722419
   7	 610	   0.3109403
   7	 613	   0.3249729
   7	 634	   0.2458059
   7	 636	   0.4828179
   7	 652	   0.4062963
   7	 658	   0.1666060
   7	 665	   0.1986812
   7	 668	   0.1763646
   7	 674	   0.1803477
   7	 675	   0.2284692
   7	 676	   0.2297932
   7	 678	   0.2830808
   7	 681	   0.2200892
   7	 689	   0.2319403
   7	 696	   0.3595667
   7	 706	   0.1221841
   7	 717	   0.2540879
   7	 732	   0.2913522
   7	 733	   0.4267683
   7	 746	   0.3382394
   7	 748	   0.1021074
   7	 763	   0.1988207
   7	 780	   0.4232923
   7	 795	   0.1673215
   7	 798	   0.3547602
   7	 817	   0.3218377
   7	 826	   0.1187365
   7	 830	   0.4945561
   7	 835	   0.3339390
   7	 840	   0.2322988
   7	 845	   0.1797640
   7	 855	   0.1222116
   7	 862	   0.4384193
   7	 872	   0.3194054
   7	 898	   0.2792467
   7	 900	   0.1198713
   7	 904	   0.4339468
   7	 912	   0.2058735
   7	 945	   0.2061870
   7	 959	   0.4867217
   7	 966	   0.3390597
   7	1003	   0.1960856
   7	1011	   0.3998113
   7	1017	   0.4371917
   7	1020	   0.3849703
   7	1026	   0.2054911
   7	1032	   0.2671189
   7	1041	   0.4979631
   7	1049	   0.4824699
   7	1060	   0.3845173
   7	1063	   0.2059871
   7	1082	   0.4993357
   7	1085	   0.2755336
   7	1105	   0.3229239
   7	1123	   0.4806463
   7	1134	   0.4135641
   7	1140	   0.1470530
   7	1144	   0.1475111
   7	1160	   0.3711866
   7	1164	   0.4527456
   7	1184	   0.4222346
   7	1210	   0.4150294
   7	1234	   0.2469652
   7	1242	   0.3682847
   7	1255	   0.3187640
   7	1271	   0.3646755
   7	1282	   0.1890905
   7	1287	   0.3245420
   7	1288	   0.1864096
   7	1301	   0.4097687
   7	1307	   0.4004909
   7	1324	   0.1303279
   7	1327	   0.4700968
   7	1347	   0.2240755
   7	1365	   0.3824462
   7	1373	   0.3294088
   7	1377	   0.4176776
   7	1404	   0.4758493
   7	1405	   0.2644541
   7	1414	   0.4622483
   7	1417	   0.3089855
   7	1435	   0.4178903
   7	1444	   0.3110660
   7	1502	   0.2845110
   7	1504	   0.4847468
   7	1526	   0.2279878
   7	1529	   0.3838097
   7	1531	   0.3038637
   7	1542	   0.2297810
   7	1549	   0.2387434
   7	1552	   0.3531107
   7	1559	   0.4123039
   7	1561	   0.4691356
   7	1566	   0.4074457
   7	1627	   0.2806273
   7	1628	   0.4981292
   7	1637	   0.3152782
   7	1638	   0.1139123
   7	1646	   0.4356381
   7	1651	   0.4582376
   7	1681	   0.1715072
   7	1683	   0.1056897
   7	1688	   0.2277945
   7	1697	   0.1363169
   7	1709	   0.4191243
   7	1720	   0.4977658
   7	1731	   0.1409386
   7	1733	   0.4212272
   7	1745	   0.4071441
   7	1754	   0.2389884
   7	1757	   0.4295029
   7	1758	   0.1476578
   7	1771	   0.1796561
   7	1809	   0.3100258
   7	1810	   0.2604678
   7	1811	   0.4135396
   7	1880	   0.2713169
   7	1885	   0.4615980
   7	1927	   0.3141822
   7	1931	   0.1190954
   7	1935	   0.1184323
   7	1955	   0.2229110
   7	1987	   0.4364114
   7	1993	   0.2598417
   7	1997	   0.2813553
   7	2006	   0.1986703
   7	2035	   0.1067369
   7	2041	   0.1655148
   7	2055	   0.2463502
   7	2056	   0.1137125
   7	2058	   0.1953383
   7	2076	   0.2378632
   7	2087	   0.3913343
   7	2091	   0.1112630
   7	2092	   0.2742718
   7	2097	   0.2043047
   7	2118	   0.1314809
   7	2219	   0.3300970
   7	2240	   0.3063431
   7	2248	   0.4050004
   7	2260	   0.1477371
   7	2264	   0.3130597
   7	2317	   0.3568568
   7	2319	   0.3861543
   7	2354	   0.4417366
   7	2363	   0.4372840
   7	2376	   0.2917998
   7	2386	   0.3509361
   7	2404	   0.4226740
   7	2480	   0.4297734
   7	2483	   0.4753910
   7	2494	   0.1796175
   7	2498	   0.1081471
   7	2521	   0.3311485
   7	2526	   0.1428163
   7	2528	   0.3789273
   7	2529	   0.1419680
   7	2530	   0.2230467
   7	2537	   0.1221914
   7	2542	   0.4151352
   7	2559	   0.1706907
   7	2567	   0.2429697
   7	2572	   0.2020211
   7	2573	   0.4620707
   7	2579	   0.4192877
   7	2595	   0.1671584
   7	2613	   0.2166330
   7	2618	   0.1348609
   7	2627	   0.2270651
   7	2647	   0.2235737
   7	2659	   0.4211646
   7	2693	   0.2975285
   7	2741	   0.1939975
   7	2745	   0.4119734
   7	2756	   0.2658538
   7	2771	   0.1431022
   7	2776	   0.4522862
   7	2782	   0.4697211
   7	2797	   0.2111458
   7	2900	   0.3230633
   7	2908	   0.4433760
   7	2917	   0.2609141
   7	2924	   0.1969026
   7	2931	   0.2401501
   7	2943	   0.1473259
   7	2958	   0.4569949
   7	2961	   0.2100989
   7	2968	   0.3463850
   7	2970	   0.3448376
   7	2977	   0.2422985
   7	2990	   0.4430193
   7	2999	   0.4802744
   7	3036	   0.2260580
   7	3044	   0.1620252
   7	3116	   0.1594239
   7	3156	   0.3928378
   7	3167	   0.3653227
   7	3174	   0.4348367
   7	3230	   0.3924694
   7	3291	   0.4502307
   7	3301	   0.2661032
   7	3302	   0.3250605
   7	3326	   0.3325403
   7	3335	   0.3133702
   7	3369	   0.1306301
   7	3409	   0.1396719
   7	3427	   0.3760319
   7	3443	   0.1957832
   7	3444	   0.4607907
   7	3455	   0.4494329
   7	3457	   0.1659021
   7	3470	   0.1562909
   7	3493	   0.2200166
   7	3517	   0.2896973
   7	3543	   0.2242883
   7	3550	   0.4127268
   7	3552	   0.1731924
   7	3596	   0.3865933
   7	3632	   0.1010474
   7	3672	   0.2661632
   7	3706	   0.3221854
   7	3730	   0.2148005
   7	3733	   0.2213387
   7	3785	   0.2229211
   7	3820	   0.4084017
   7	3833	   0.3881544
   7	3834	   0.4859561
   7	3838	   0.1710621
   7	3843	   0.4653922
   7	3847	   0.1175503
   7	3851	   0.3511645
   7	3867	   0.1170436
   7	3897	   0.3084776
   7	3917	   0.4453961
   7	3925	   0.1405959
   7	3938	   0.1107390
   7	3970	   0.1699075
   7	3971	   0.1629135
   7	3972	   0.3747513
   7	3979	   0.4020470
   7	3992	   0.4150468
   7	4015	   0.2924594
   7	4027	   0.4222749
   7	4037	   0.2785591
   7	4058	   0.2065147
   7	4114	   0.4259103
   7	4148	   0.3633784
   7	4189	   0.1512491
   7	4195	   0.1805406
   7	4206	   0.4394674
   7	4208	   0.3310250
   7	4223	   0.3731835
   7	4280	   0.3103461
   7	4283	   0.1955119
   7	4297	   0.3135649
   7	4373	   0.4616054
   7	4378	   0.1208325
   7	4380	   0.4714218
   7	4385	   0.1284486
   7	4386	   0.2069007
   7	4409	   0.1941958
   7	4429	   0.2421287
   7	4433	   0.1336963
   7	4437	   0.1971714
   7	4443	   0.2735488
   7	4459	   0.4705597
   7	4460	   0.4353924
   7	4473	   0.2052937
   7	4480	   0.1910247
   7	4493	   0.3736847
   7	4536	   0.2297245
   7	4546	   0.3614742
   7	4557	   0.4426977
   7	4687	   0.4547894
   7	4691	   0.3332778
   7	4693	   0.3480890
   7	4698	   0.1704328
   7	4746	   0.3227397
   7	4747	   0.3086227
   7	4794	   0.4615885
   7	4799	   0.4551547
   7	4819	   0.4264949
   7	4838	   0.2885640
   7	4888	   0.2867322
   7	4892	   0.3615162
   7	4896	   0.2424986
   7	4899	   0.4644967
   7	4913	   0.4153854
   7	4935	   0.1482750
   7	4963	   0.4389058
   7	4970	   0.2047334
   7	4974	   0.3352365
   7	4981	   0.4694488
   7	4988	   0.3910445
   8	   9	   0.1156693
   8	  10	   0.4209198
   8	  11	   0.1520207
   8	  12	   0.2614545
   8	  13	   0.4107809
   8	  14	   0.3139111
   8	  15	   0.1769348
   8	  16	   0.2577170
   8	  17	   0.3066529
   8	  18	   0.2814661
   8	  19	   0.2159011
   8	  20	   0.2658893
   8	  21	   0.4330551
   8	  22	   0.1144477
   8	  23	   0.3434354
   8	  24	   0.3456163
   8	  25	   0.1982976
   8	  26	   0.2736460
   8	  27	   0.1755108
   8	  28	   0.4223618
   8	  29	   0.3525841
   8	  31	   0.3390182
   8	  32	   0.4453273
   8	  34	   0.1606642
   8	  35	   0.3791659
   8	  37	   0.4176824
   8	  38	   0.4837610
   8	  39	   0.3803282
   8	  40	   0.1966822
   8	  41	   0.1702477
   8	  45	   0.2500730
   8	  46	   0.1670207
   8	  49	   0.2953073
   8	  50	   0.4892663
   8	  53	   0.2795457
   8	  56	   0.1185078
   8	  58	   0.4054101
   8	  60	   0.1794229
   8	  62	   0.2218335
   8	  65	   0.3525911
   8	  68	   0.4159050
   8	  75	   0.3711051
   8	  77	   0.4561910
   8	  78	   0.2932660
   8	  79	   0.2324511
   8	  84	   0.1000563
   8	  85	   0.1586566
   8	  88	   0.1805063
   8	  91	   0.2013705
   8	  92	   0.4605257
   8	  93	   0.4069416
   8	  99	   0.3930452
   8	 100	   0.1593135
   8	 101	   0.4905489
   8	 107	   0.1523540
   8	 108	   0.4606839
   8	 114	   0.2845990
   8	 115	   0.1558874
   8	 118	   0.2006577
   8	 120	   0.4380337
   8	 121	   0.3429382
   8	 123	   0.3940786
   8	 128	   0.1472709
   8	 142	   0.4293287
   8	 146	   0.3209672
   8	 149	   0.4958699
   8	 152	   0.3495350
   8	 154	   0.2037958
   8	 159	   0.3673692
   8	 162	   0.2353453
   8	 163	   0.3407404
   8	 170	   0.2883148
   8	 171	   0.3575854
   8	 173	   0.4073972
   8	 178	   0.1203124
   8	 179	   0.3413411
   8	 181	   0.1389541
   8	 182	   0.3093590
   8	 183	   0.1879487
   8	 184	   0.3734884
   8	 199	   0.3079956
   8	 205	   0.4408078
   8	 209	   0.3030521
   8	 213	   0.4573597
   8	 219	   0.3863094
   8	 220	   0.3878522
   8	 222	   0.1926494
   8	 224	   0.3746700
   8	 225	   0.4205403
   8	 228	   0.2522360
   8	 233	   0.2017869
   8	 235	   0.3477303
   8	 237	   0.4445107
   8	 246	   0.3844158
   8	 253	   0.3632710
   8	 261	   0.1188384
   8	 263	   0.2636419
   8	 266	   0.4278242
   8	 274	   0.2087988
   8	 278	   0.3921043
   8	 285	   0.2668779
   8	 295	   0.4135522
   8	 299	   0.2667602
   8	 303	   0.1137504
   8	 313	   0.1745215
   8	 316	   0.4082171
   8	 336	   0.2415738
   8	 340	   0.1478108
   8	 345	   0.2306234
   8	 347	   0.4914459
   8	 348	   0.4163331
   8	 355	   0.2438274
   8	 377	   0.2130649
   8	 385	   0.1409663
   8	 396	   0.2534273
   8	 401	   0.1955867
   8	 405	   0.2744984
   8	 425	   0.4734590
   8	 432	   0.1777693
   8	 434	   0.1400417
   8	 440	   0.1154051
   8	 450	   0.3180133
   8	 464	   0.2032899
   8	 468	   0.1048527
   8	 470	   0.2899696
   8	 475	   0.2451112
   8	 476	   0.4964246
   8	 478	   0.1924964
   8	 485	   0.1133688
   8	 498	   0.3195726
   8	 502	   0.4905232
   8	 504	   0.1851824
   8	 508	   0.2005085
   8	 509	   0.1135200
   8	 522	   0.1216624
   8	 534	   0.3314691
   8	 539	   0.2157096
   8	 576	   0.1346645
   8	 578	   0.2076990
   8	 589	   0.4039874
   8	 592	   0.2564064
   8	 596	   0.1165315
   8	 601	   0.3117084
   8	 620	   0.4563049
   8	 639	   0.3542467
   8	 654	   0.3905077
   8	 657	   0.4518445
   8	 659	   0.1288239
   8	 668	   0.2900205
   8	 669	   0.1825595
   8	 684	   0.2472231
   8	 685	   0.2050511
   8	 690	   0.1073056
   8	 693	   0.2073212
   8	 700	   0.4365948
   8	 733	   0.4538039
   8	 741	   0.3471354
   8	 753	   0.1532163
   8	 754	   0.3041730
   8	 755	   0.1611092
   8	 757	   0.4102577
   8	 768	   0.4661030
   8	 771	   0.2183390
   8	 810	   0.2775182
   8	 813	   0.1388823
   8	 837	   0.4493125
   8	 838	   0.2831946
   8	 841	   0.4058196
   8	 862	   0.1089288
   8	 873	   0.4286633
   8	 885	   0.4459072
   8	 889	   0.3083199
   8	 904	   0.3986637
   8	 916	   0.2729421
   8	 919	   0.1280006
   8	 924	   0.3286296
   8	 932	   0.4424496
   8	 940	   0.3152243
   8	 946	   0.3886524
   8	 956	   0.3545318
   8	 965	   0.1852535
   8	 988	   0.2783992
   8	 989	   0.2985870
   8	 991	   0.4019239
   8	1052	   0.3770763
   8	1076	   0.1490039
   8	1087	   0.1014670
   8	1096	   0.3170514
   8	1105	   0.1530417
   8	1115	   0.3386343
   8	1134	   0.1070370
   8	1143	   0.1687914
   8	1147	   0.3176515
   8	1150	   0.3984573
   8	1160	   0.2518927
   8	1172	   0.4450662
   8	1185	   0.2231187
   8	1193	   0.4878806
   8	1194	   0.3656325
   8	1196	   0.3285676
   8	1214	   0.3781082
   8	1215	   0.1678343
   8	1224	   0.4447037
   8	1240	   0.4555455
   8	1249	   0.4016058
   8	1263	   0.2164795
   8	1270	   0.1106864
   8	1282	   0.3366542
   8	1294	   0.1638938
   8	1302	   0.1578056
   8	1304	   0.1404236
   8	1312	   0.1290561
   8	1314	   0.1795703
   8	1315	   0.2728807
   8	1333	   0.4998964
   8	1339	   0.4400718
   8	1345	   0.2316885
   8	1353	   0.2034066
   8	1359	   0.4897046
   8	1364	   0.3787102
   8	1365	   0.2401048
   8	1406	   0.4838394
   8	1420	   0.1942034
   8	1423	   0.2615241
   8	1494	   0.3030761
   8	1500	   0.2850553
   8	1505	   0.1166895
   8	1514	   0.2323273
   8	1516	   0.4064418
   8	1519	   0.4069951
   8	1530	   0.2228092
   8	1534	   0.3759664
   8	1551	   0.4697679
   8	1553	   0.3310862
   8	1578	   0.3554874
   8	1600	   0.4992081
   8	1608	   0.3586925
   8	1621	   0.2935270
   8	1624	   0.2326149
   8	1647	   0.4615645
   8	1655	   0.1392676
   8	1662	   0.4889436
   8	1663	   0.2237779
   8	1667	   0.3062482
   8	1672	   0.2042880
   8	1674	   0.1506790
   8	1678	   0.4338006
   8	1685	   0.4865959
   8	1695	   0.1639556
   8	1696	   0.2146579
   8	1712	   0.3313878
   8	1745	   0.1717296
   8	1748	   0.4296560
   8	1753	   0.4960111
   8	1755	   0.4023407
   8	1759	   0.4339742
   8	1774	   0.1031293
   8	1809	   0.4419904
   8	1828	   0.3570530
   8	1858	   0.3903020
   8	1866	   0.2131722
   8	1874	   0.1817006
   8	1881	   0.1244409
   8	1886	   0.1492094
   8	1907	   0.1940983
   8	1908	   0.1824075
   8	1925	   0.4669059
   8	1949	   0.2357707
   8	1952	   0.3774721
   8	1965	   0.2092574
   8	1968	   0.3886829
   8	1972	   0.1669846
   8	1977	   0.1279230
   8	1981	   0.2629610
   8	1982	   0.3667671
   8	1997	   0.4630284
   8	1999	   0.3094808
   8	2002	   0.1078233
   8	2049	   0.2111689
   8	2053	   0.4668061
   8	2073	   0.1254231
   8	2109	   0.2930016
   8	2114	   0.3609454
   8	2128	   0.1296594
   8	2133	   0.2350378
   8	2136	   0.3994161
   8	2162	   0.2956424
   8	2177	   0.2028954
   8	2192	   0.3164312
   8	2234	   0.3601991
   8	2238	   0.1554429
   8	2259	   0.4157224
   8	2269	   0.2496713
   8	2280	   0.2162327
   8	2283	   0.1609413
   8	2285	   0.3404677
   8	2292	   0.2076478
   8	2294	   0.4182604
   8	2323	   0.4092693
   8	2326	   0.1173655
   8	2343	   0.2512909
   8	2366	   0.4984455
   8	2434	   0.4236285
   8	2442	   0.2469851
   8	2460	   0.2525268
   8	2527	   0.3050289
   8	2539	   0.4366942
   8	2549	   0.1116573
   8	2567	   0.2146322
   8	2582	   0.2671427
   8	2583	   0.1971249
   8	2586	   0.3331830
   8	2626	   0.2915277
   8	2663	   0.3408975
   8	2675	   0.1666377
   8	2679	   0.3232362
   8	2691	   0.1873138
   8	2693	   0.4833113
   8	2704	   0.1780039
   8	2708	   0.4317848
   8	2716	   0.4974817
   8	2722	   0.4918388
   8	2728	   0.4774855
   8	2774	   0.3417694
   8	2781	   0.1619041
   8	2795	   0.1818533
   8	2816	   0.2921526
   8	2825	   0.3200774
   8	2833	   0.1746759
   8	2842	   0.4329427
   8	2851	   0.1357443
   8	2853	   0.1019413
   8	2854	   0.4331062
   8	2887	   0.4511816
   8	2917	   0.3849778
   8	2941	   0.2567162
   8	2950	   0.1696131
   8	2957	   0.3168296
   8	2968	   0.4234929
   8	2978	   0.2688396
   8	3007	   0.4151262
   8	3018	   0.3525309
   8	3021	   0.3573699
   8	3023	   0.3574374
   8	3027	   0.2682459
   8	3037	   0.1805106
   8	3043	   0.4061809
   8	3051	   0.4660539
   8	3088	   0.4803155
   8	3101	   0.1250635
   8	3129	   0.4428580
   8	3144	   0.2949142
   8	3151	   0.3693544
   8	3154	   0.3625774
   8	3156	   0.3203942
   8	3166	   0.2379755
   8	3215	   0.4264088
   8	3219	   0.2296344
   8	3248	   0.1007787
   8	3272	   0.1326881
   8	3278	   0.4202883
   8	3293	   0.3377713
   8	3333	   0.2904255
   8	3338	   0.4793546
   8	3341	   0.4536263
   8	3359	   0.4409770
   8	3381	   0.2543019
   8	3391	   0.4068809
   8	3395	   0.1219913
   8	3405	   0.3717606
   8	3437	   0.4500536
   8	3456	   0.2180402
   8	3457	   0.3598934
   8	3495	   0.2207494
   8	3533	   0.4251451
   8	3535	   0.2224821
   8	3589	   0.2529894
   8	3608	   0.3474783
   8	3626	   0.4085976
   8	3637	   0.2577316
   8	3654	   0.1943163
   8	3657	   0.2903217
   8	3665	   0.1598856
   8	3721	   0.1006827
   8	3759	   0.3549943
   8	3797	   0.3255057
   8	3810	   0.3063832
   8	3816	   0.4717372
   8	3834	   0.1518661
   8	3837	   0.1860992
   8	3849	   0.1585576
   8	3860	   0.3981827
   8	3874	   0.1823569
   8	3918	   0.4070200
   8	3963	   0.2497882
   8	4004	   0.3433987
   8	4016	   0.3814336
   8	4026	   0.2768046
   8	4028	   0.2914805
   8	4043	   0.3351141
   8	4054	   0.3546919
   8	4061	   0.2171796
   8	4083	   0.4652216
   8	4099	   0.2744254
   8	4108	   0.1168546
   8	4144	   0.3187681
   8	4146	   0.2832511
   8	4162	   0.4088230
   8	4176	   0.3595598
   8	4202	   0.3970331
   8	4204	   0.2930303
   8	4220	   0.4468011
   8	4270	   0.3057386
   8	4355	   0.3252165
   8	4373	   0.2626832
   8	4397	   0.3678086
   8	4470	   0.4447685
   8	4475	   0.2935697
   8	4521	   0.2738729
   8	4546	   0.1657731
   8	4570	   0.1582440
   8	4621	   0.2274894
   8	4623	   0.1598237
   8	4659	   0.1424916
   8	4687	   0.2058876
   8	4721	   0.1661562
   8	4729	   0.3418021
   8	4742	   0.2378688
   8	4748	   0.1812986
   8	4751	   0.1811917
   8	4754	   0.2766049
   8	4765	   0.4343872
   8	4772	   0.3364557
   8	4793	   0.2216974
   8	4803	   0.4592617
   8	4814	   0.1089656
   8	4817	   0.1707460
   8	4866	   0.2141815
   8	4889	   0.3292184
   8	4929	   0.1750222
   8	4933	   0.2261136
   8	4942	   0.3399542
   8	4952	   0.2246199
   8	4961	   0.1940198
   8	4964	   0.4628803
   8	4982	   0.2799028
   9	  10	   0.4134805
   9	  11	   0.1177692
   9	  12	   0.2510031
   9	  13	   0.2130338
   9	  14	   0.2626596
   9	  15	   0.4233158
   9	  16	   0.4181466
   9	  17	   0.3650632
   9	  18	   0.2015807
   9	  19	   0.1469586
   9	  20	   0.3028090
   9	  21	   0.1288748
   9	  22	   0.3897844
   9	  23	   0.1563201
   9	  24	   0.3911036
   9	  25	   0.1837923
   9	  26	   0.1029006
   9	  27	   0.4272847
   9	  28	   0.4114398
   9	  29	   0.1261568
   9	  30	   0.1365284
   9	  31	   0.3276287
   9	  34	   0.3147159
   9	  35	   0.2960376
   9	  36	   0.3272211
   9	  37	   0.1207427
   9	  38	   0.3175318
   9	  39	   0.3479707
   9	  41	   0.1726829
   9	  42	   0.1947858
   9	  43	   0.3336141
   9	  45	   0.1275013
   9	  46	   0.4172341
   9	  47	   0.1269845
   9	  49	   0.4484703
   9	  52	   0.4098240
   9	  55	   0.4390883
   9	  56	   0.2225652
   9	  60	   0.4787877
   9	  62	   0.4621198
   9	  64	   0.2464656
   9	  65	   0.1173331
   9	  66	   0.4623427
   9	  67	   0.2196031
   9	  68	   0.2227208
   9	  70	   0.3878013
   9	  71	   0.1733915
   9	  72	   0.3259252
   9	  87	   0.3328028
   9	  88	   0.2503130
   9	  92	   0.4161228
   9	  93	   0.3144383
   9	  95	   0.3280094
   9	  97	   0.4816828
   9	  98	   0.1853210
   9	  99	   0.4596230
   9	 101	   0.4718937
   9	 102	   0.2199055
   9	 111	   0.4984989
   9	 114	   0.2704398
   9	 119	   0.1094545
   9	 120	   0.2092231
   9	 121	   0.1177001
   9	 124	   0.1452225
   9	 132	   0.3162035
   9	 133	   0.1294264
   9	 140	   0.2083534
   9	 143	   0.2900672
   9	 146	   0.2073179
   9	 150	   0.1331986
   9	 151	   0.2638709
   9	 152	   0.2015733
   9	 153	   0.1798730
   9	 155	   0.3373912
   9	 157	   0.3573698
   9	 165	   0.3014279
   9	 171	   0.2833578
   9	 174	   0.4760318
   9	 175	   0.1419981
   9	 184	   0.2828145
   9	 189	   0.3400600
   9	 191	   0.3836389
   9	 205	   0.2769957
   9	 209	   0.3293442
   9	 212	   0.1120749
   9	 214	   0.4677419
   9	 228	   0.4676620
   9	 236	   0.3643922
   9	 237	   0.4094013
   9	 238	   0.3578522
   9	 241	   0.3176216
   9	 242	   0.3564812
   9	 244	   0.1405982
   9	 247	   0.3396740
   9	 250	   0.1332396
   9	 253	   0.2323255
   9	 260	   0.4495221
   9	 261	   0.4962576
   9	 267	   0.3576940
   9	 271	   0.4803892
   9	 277	   0.4878010
   9	 283	   0.4002448
   9	 288	   0.4574227
   9	 291	   0.1649844
   9	 295	   0.1437333
   9	 296	   0.1072986
   9	 297	   0.2577522
   9	 298	   0.3652510
   9	 305	   0.4475302
   9	 329	   0.4083136
   9	 332	   0.1642226
   9	 345	   0.4224384
   9	 361	   0.3218265
   9	 365	   0.4377331
   9	 370	   0.1405189
   9	 377	   0.1792984
   9	 387	   0.2334627
   9	 401	   0.3658854
   9	 404	   0.1171035
   9	 406	   0.1680313
   9	 409	   0.2767120
   9	 424	   0.4986086
   9	 426	   0.3507669
   9	 437	   0.1706592
   9	 446	   0.1793869
   9	 448	   0.2568299
   9	 450	   0.2624799
   9	 451	   0.2882123
   9	 454	   0.2804201
   9	 471	   0.1422763
   9	 473	   0.3815943
   9	 476	   0.3806948
   9	 482	   0.4961593
   9	 487	   0.1553714
   9	 503	   0.1042198
   9	 523	   0.3782050
   9	 537	   0.2777695
   9	 548	   0.2454261
   9	 569	   0.2625594
   9	 575	   0.4381700
   9	 592	   0.1830854
   9	 601	   0.3517820
   9	 604	   0.3488774
   9	 619	   0.4280019
   9	 636	   0.1983888
   9	 655	   0.2332116
   9	 658	   0.2542399
   9	 662	   0.1743968
   9	 663	   0.4476004
   9	 667	   0.3940092
   9	 669	   0.1065740
   9	 673	   0.1806619
   9	 676	   0.1853990
   9	 678	   0.4023230
   9	 687	   0.1816476
   9	 705	   0.3779147
   9	 708	   0.1621071
   9	 710	   0.4054705
   9	 715	   0.2188568
   9	 724	   0.2005279
   9	 733	   0.2422929
   9	 741	   0.4055485
   9	 742	   0.2190159
   9	 778	   0.1831931
   9	 779	   0.3130917
   9	 787	   0.4389298
   9	 828	   0.3282283
   9	 833	   0.4050718
   9	 836	   0.1083835
   9	 837	   0.2857452
   9	 839	   0.3539785
   9	 843	   0.1983321
   9	 858	   0.3133852
   9	 863	   0.1768646
   9	 868	   0.4528552
   9	 873	   0.2564295
   9	 875	   0.2093370
   9	 876	   0.4182788
   9	 881	   0.4917510
   9	 898	   0.1002163
   9	 904	   0.1164242
   9	 938	   0.4823749
   9	 974	   0.3148194
   9	 975	   0.1262444
   9	 976	   0.2527149
   9	 993	   0.1559985
   9	1025	   0.1159610
   9	1040	   0.2890003
   9	1043	   0.4685935
   9	1048	   0.2123010
   9	1066	   0.4183184
   9	1083	   0.1327144
   9	1091	   0.1367292
   9	1111	   0.4554288
   9	1123	   0.1785852
   9	1124	   0.4576952
   9	1130	   0.1293554
   9	1147	   0.4014771
   9	1159	   0.1639896
   9	1180	   0.2219628
   9	1181	   0.2642534
   9	1189	   0.3449117
   9	1199	   0.1836856
   9	1243	   0.2623742
   9	1246	   0.3781860
   9	1270	   0.2619963
   9	1286	   0.1047185
   9	1296	   0.3879428
   9	1306	   0.2243478
   9	1313	   0.1403651
   9	1333	   0.3004451
   9	1348	   0.2009245
   9	1362	   0.4010372
   9	1380	   0.3112112
   9	1399	   0.2784147
   9	1407	   0.2458448
   9	1408	   0.4255641
   9	1422	   0.4439455
   9	1436	   0.3094365
   9	1462	   0.2201122
   9	1484	   0.4845700
   9	1486	   0.3913303
   9	1509	   0.1017694
   9	1510	   0.1052640
   9	1542	   0.3128071
   9	1544	   0.2629570
   9	1559	   0.2954666
   9	1563	   0.1112610
   9	1570	   0.4546019
   9	1576	   0.1588196
   9	1604	   0.4998559
   9	1613	   0.2029946
   9	1614	   0.2419604
   9	1646	   0.3719382
   9	1653	   0.2214202
   9	1657	   0.2686093
   9	1665	   0.4433390
   9	1706	   0.3295308
   9	1728	   0.2405688
   9	1733	   0.2725383
   9	1754	   0.1058556
   9	1787	   0.3801610
   9	1797	   0.4934245
   9	1831	   0.4493674
   9	1837	   0.1023642
   9	1842	   0.1795113
   9	1857	   0.1920043
   9	1889	   0.4157178
   9	1905	   0.1682582
   9	1922	   0.3787857
   9	1943	   0.4610184
   9	1950	   0.3473655
   9	1967	   0.3498435
   9	2014	   0.4485940
   9	2031	   0.4313954
   9	2035	   0.3566054
   9	2036	   0.4750752
   9	2039	   0.3185730
   9	2081	   0.3566916
   9	2085	   0.3916801
   9	2104	   0.3453983
   9	2127	   0.3660290
   9	2131	   0.2602519
   9	2140	   0.4748554
   9	2154	   0.1901385
   9	2175	   0.3010987
   9	2188	   0.3253507
   9	2202	   0.4391811
   9	2211	   0.3291503
   9	2239	   0.3826097
   9	2240	   0.3480506
   9	2254	   0.2192174
   9	2259	   0.1660710
   9	2277	   0.4807019
   9	2304	   0.4586282
   9	2308	   0.4517810
   9	2315	   0.2252181
   9	2318	   0.2687723
   9	2327	   0.2061510
   9	2344	   0.1844097
   9	2347	   0.4756467
   9	2383	   0.1060284
   9	2406	   0.2230286
   9	2433	   0.2943885
   9	2482	   0.4058393
   9	2499	   0.4407562
   9	2500	   0.1289100
   9	2524	   0.1131312
   9	2592	   0.3435457
   9	2597	   0.2689354
   9	2598	   0.2161833
   9	2604	   0.2518665
   9	2677	   0.1371802
   9	2684	   0.4018199
   9	2688	   0.1919484
   9	2728	   0.2209790
   9	2738	   0.2320354
   9	2751	   0.2959509
   9	2792	   0.3280982
   9	2800	   0.4228293
   9	2829	   0.4054116
   9	2859	   0.1896585
   9	2874	   0.1648655
   9	2933	   0.4962459
   9	2943	   0.4318707
   9	2993	   0.2617262
   9	2994	   0.4454718
   9	3020	   0.3492067
   9	3039	   0.1344325
   9	3043	   0.3131475
   9	3046	   0.2600239
   9	3048	   0.2518833
   9	3080	   0.4857502
   9	3099	   0.1577116
   9	3114	   0.1275646
   9	3122	   0.3221019
   9	3151	   0.1688084
   9	3154	   0.4883261
   9	3192	   0.3909251
   9	3221	   0.3611424
   9	3322	   0.3405703
   9	3335	   0.2549789
   9	3343	   0.4359840
   9	3364	   0.4947100
   9	3392	   0.2263421
   9	3399	   0.3440350
   9	3423	   0.4310543
   9	3430	   0.2051228
   9	3441	   0.1552842
   9	3448	   0.1769142
   9	3458	   0.2835527
   9	3464	   0.4143881
   9	3469	   0.4984205
   9	3479	   0.2887913
   9	3532	   0.2077028
   9	3541	   0.4739749
   9	3550	   0.4697784
   9	3554	   0.2413395
   9	3558	   0.4330820
   9	3592	   0.3158140
   9	3600	   0.1779133
   9	3624	   0.3359564
   9	3644	   0.2362633
   9	3680	   0.2911135
   9	3686	   0.2754055
   9	3705	   0.4141944
   9	3749	   0.4720084
   9	3776	   0.1189104
   9	3813	   0.1154996
   9	3822	   0.4236616
   9	3823	   0.4115148
   9	3834	   0.1222386
   9	3862	   0.4701254
   9	3863	   0.1372520
   9	3865	   0.4106246
   9	3870	   0.1405808
   9	3945	   0.3160294
   9	3947	   0.1459538
   9	3974	   0.4469182
   9	3998	   0.3748895
   9	4041	   0.1358043
   9	4048	   0.3889565
   9	4108	   0.3688023
   9	4128	   0.3343200
   9	4149	   0.4236551
   9	4158	   0.3281431
   9	4205	   0.1766447
   9	4234	   0.1494372
   9	4272	   0.4735751
   9	4281	   0.3518333
   9	4283	   0.4832609
   9	4347	   0.3326478
   9	4355	   0.2218039
   9	4363	   0.4573261
   9	4374	   0.2409912
   9	4377	   0.4205878
   9	4384	   0.3446014
   9	4411	   0.1797261
   9	4420	   0.3752063
   9	4444	   0.3649813
   9	4465	   0.3026205
   9	4482	   0.4253603
   9	4496	   0.3700047
   9	4520	   0.4215278
   9	4567	   0.4138560
   9	4573	   0.2396073
   9	4606	   0.3059326
   9	4610	   0.1328139
   9	4654	   0.1168048
   9	4688	   0.2426432
   9	4693	   0.3166470
   9	4720	   0.3020225
   9	4787	   0.3180457
   9	4872	   0.2178721
   9	4882	   0.3032818
   9	4977	   0.4625201
   9	4982	   0.3319719
